6 0.1578125 0.4453125 0.0375 0.06875
6 0.0984375 0.4390625 0.0390625 0.05
17 0.315625 0.8125 0.078125 0.1140625
1 0.55 0.7078125 0.3203125 0.25625
1 0.896875 0.7015625 0.2046875 0.1328125
4 0.275 0.859375 0.1125 0.28125
4 0.3921875 0.7640625 0.04375 0.1671875
4 0.3484375 0.7546875 0.034375 0.125
4 0.425 0.7640625 0.025 0.1515625
4 0.475 0.7828125 0.0515625 0.1609375
4 0.903125 0.7265625 0.0234375 0.0875
4 0.203125 0.7171875 0.015625 0.0765625
4 0.5109375 0.7734375 0.03125 0.15625
4 0.1375 0.7296875 0.03125 0.1
4 0.228125 0.71875 0.025 0.0796875
4 0.3640625 0.7546875 0.0234375 0.1453125
6 0.3640625 0.6296875 0.0171875 0.0234375
6 0.046875 0.6390625 0.009375 0.0140625
6 0.05 0.5890625 0.009375 0.025
17 0.334375 0.7296875 0.0171875 0.0421875
19 0.4890625 0.7640625 0.0203125 0.0296875
4 0.3140625 0.7296875 0.0328125 0.0828125
1 0.90625 0.8375 0.1875 0.325
1 0.196875 0.6890625 0.2203125 0.125
1 0.759375 0.6828125 0.0390625 0.0296875
6 0.153125 0.3859375 0.0234375 0.03125
19 0.15 0.7296875 0.009375 0.025
4 0.85 0.7265625 0.021875 0.0828125
6 0.478125 0.5578125 0.0109375 0.0296875
6 0.4671875 0.5578125 0.009375 0.025
6 0.090625 0.628125 0.0078125 0.0078125
19 0.334375 0.7421875 0.0171875 0.0609375
19 0.74375 0.7140625 0.009375 0.0109375