47 0.390625 0.63125 0.3875 0.15
47 0.071875 0.890625 0.14375 0.11875
4 0.21875 0.3703125 0.4375 0.740625
33 0.196875 0.7234375 0.1375 0.1125
33 0.890625 0.3171875 0.05625 0.0375
35 0.646875 0.6578125 0.13125 0.15
46 0.6140625 0.7984375 0.65 0.31875
4 0.8953125 0.46875 0.209375 0.53125
51 0.4890625 0.7734375 0.978125 0.453125
4 0.6078125 0.3859375 0.55 0.665625
33 0.7546875 0.2015625 0.06875 0.05
33 0.909375 0.1765625 0.059375 0.040625
33 0.896875 0.225 0.0625 0.046875
33 0.9765625 0.2328125 0.046875 0.040625
33 0.5328125 0.2375 0.053125 0.040625
33 0.4890625 0.2296875 0.0625 0.046875
33 0.4875 0.1828125 0.053125 0.046875
33 0.4 0.2171875 0.05 0.040625