4 0.3296875 0.5796875 0.584375 0.840625
36 0.6671875 0.84375 0.025 0.05625
58 0.8984375 0.8546875 0.203125 0.259375
34 0.9578125 0.6296875 0.015625 0.096875
35 0.7140625 0.8078125 0.028125 0.08125
35 0.7265625 0.8 0.028125 0.10625
36 0.65 0.784375 0.0375 0.059375
36 0.634375 0.846875 0.059375 0.09375
36 0.6390625 0.3921875 0.025 0.26875
36 0.6671875 0.3859375 0.025 0.240625
36 0.53125 0.6796875 0.03125 0.15625
35 0.740625 0.8203125 0.025 0.078125
35 0.7453125 0.7953125 0.021875 0.075
35 0.7515625 0.8203125 0.025 0.078125
63 0.0390625 0.06875 0.078125 0.125
36 0.6625 0.8828125 0.05 0.05
36 0.63125 0.7375 0.028125 0.075
36 0.6265625 0.93125 0.025 0.053125
36 0.65 0.859375 0.034375 0.059375
36 0.971875 0.1375 0.009375 0.053125