53 0.421875 0.715625 0.4203125 0.53125
31 0.1796875 0.828125 0.09375 0.309375
62 0.721875 0.3890625 0.0125 0.125
62 0.8546875 0.3953125 0.0953125 0.16875
62 0.6703125 0.39375 0.0125 0.128125
62 0.6796875 0.39375 0.009375 0.13125
62 0.6921875 0.3953125 0.0125 0.125
62 0.69375 0.759375 0.0578125 0.1515625
62 0.703125 0.390625 0.01875 0.13125
62 0.734375 0.3921875 0.14375 0.13125
62 0.7046875 0.946875 0.24375 0.0859375
66 0.434375 0.0796875 0.0953125 0.140625
37 0.3484375 0.2234375 0.08125 0.0640625
55 0.2328125 0.975 0.071875 0.05
62 0.2296875 0.2484375 0.109375 0.0140625
62 0.228125 0.259375 0.1125 0.0140625
62 0.23125 0.2734375 0.1078125 0.0140625
66 0.8109375 0.1640625 0.0796875 0.146875
62 0.23125 0.2859375 0.1078125 0.0140625
31 0.4390625 0.215625 0.0546875 0.1765625