4 0.4515625 0.596875 0.5875 0.80625
56 0.74375 0.5875 0.0921875 0.0296875
62 0.5515625 0.6828125 0.0203125 0.109375
62 0.1546875 0.278125 0.0140625 0.025
62 0.0765625 0.278125 0.01875 0.0453125
62 0.0640625 0.2796875 0.0171875 0.0453125
62 0.1078125 0.28125 0.0578125 0.046875
62 0.125 0.190625 0.1953125 0.071875
62 0.1859375 0.121875 0.0296875 0.0453125
48 0.0953125 0.8796875 0.1828125 0.209375
49 0.9265625 0.4984375 0.1203125 0.1328125
49 0.8453125 0.421875 0.13125 0.1546875
49 0.94375 0.359375 0.1125 0.1625