72 0.121875 0.659375 0.046875 0.04375
4 0.465625 0.6203125 0.096875 0.19375
72 0.075 0.6734375 0.04375 0.040625
4 0.1875 0.6703125 0.0875 0.146875
4 0.4171875 0.5734375 0.03125 0.05625
25 0.4515625 0.6296875 0.003125 0.00625
4 0.3625 0.5875 0.028125 0.053125
4 0.715625 0.5046875 0.034375 0.075
4 0.7984375 0.4796875 0.034375 0.06875
30 0.5015625 0.6421875 0.0375 0.071875
4 0.628125 0.5296875 0.028125 0.046875
4 0.0546875 0.6734375 0.05 0.08125
30 0.1203125 0.65 0.11875 0.096875
30 0.4140625 0.584375 0.00625 0.009375
72 0.9921875 0.4609375 0.015625 0.021875