3 0.221875 0.834375 0.01875 0.025
3 0.91875 0.809375 0.01875 0.028125
3 0.2 0.8984375 0.028125 0.028125
3 0.3046875 0.7609375 0.01875 0.025
5 0.471875 0.5359375 0.49375 0.265625
1 0.0984375 0.8171875 0.04375 0.0625
6 0.421875 0.3328125 0.003125 0.00625
3 0.0546875 0.896875 0.025 0.025
3 0.0921875 0.875 0.025 0.028125
3 0.1546875 0.8375 0.015625 0.025
3 0.1421875 0.8171875 0.01875 0.025
3 0.2546875 0.84375 0.01875 0.025
3 0.49375 0.475 0.009375 0.015625
3 0.0984375 0.3953125 0.0125 0.015625
3 0.3 0.8078125 0.021875 0.034375
70 0.6671875 0.51875 0.040625 0.028125
1 0.528125 0.4734375 0.021875 0.034375
3 0.4703125 0.428125 0.009375 0.009375
70 0.6484375 0.9609375 0.028125 0.05
1 0.0921875 0.8765625 0.021875 0.028125