27 0.8453125 0.61875 0.00625 0.1234375
28 0.89375 0.871875 0.0140625 0.0328125
28 0.125 0.4671875 0.0109375 0.040625
28 0.440625 0.1265625 0.0078125 0.0234375
4 0.5953125 0.178125 0.0265625 0.128125
4 0.44375 0.1703125 0.0421875 0.1703125
4 0.34375 0.175 0.034375 0.1421875
4 0.13125 0.471875 0.0296875 0.2203125
4 0.853125 0.75 0.0453125 0.2515625
4 0.9078125 0.821875 0.0421875 0.175
4 0.946875 0.8171875 0.0421875 0.215625
4 0.8796875 0.1328125 0.021875 0.0453125
4 0.859375 0.15625 0.015625 0.11875
4 0.940625 0.0625 0.0140625 0.0453125
4 0.428125 0.0921875 0.028125 0.1234375
4 0.896875 0.1875 0.01875 0.109375
4 0.9125 0.2015625 0.0109375 0.109375