4 0.621875 0.7265625 0.346875 0.475
4 0.8921875 0.3265625 0.19375 0.171875
30 0.7015625 0.678125 0.209375 0.09375
47 0.1484375 0.4390625 0.0875 0.046875
47 0.2375 0.421875 0.09375 0.053125
47 0.41875 0.3921875 0.096875 0.053125
47 0.5265625 0.4984375 0.115625 0.059375
47 0.3 0.459375 0.103125 0.0625
47 0.209375 0.4671875 0.103125 0.05625
47 0.1140625 0.484375 0.096875 0.05
47 0.059375 0.4546875 0.096875 0.046875
47 0.8484375 0.4578125 0.128125 0.090625
47 0.6671875 0.4265625 0.103125 0.05
47 0.63125 0.48125 0.103125 0.05625
47 0.5 0.4171875 0.14375 0.1375
47 0.3265625 0.4234375 0.103125 0.078125