49 0.3625 0.1859375 0.1125 0.153125
51 0.578125 0.6359375 0.84375 0.728125
33 0.746875 0.571875 0.30625 0.278125
35 0.5703125 0.75625 0.184375 0.340625
36 0.61875 0.6515625 0.14375 0.178125
46 0.3921875 0.7015625 0.215625 0.30625
62 0.503125 0.5 0.215625 0.20625
8 0.05 0.4265625 0.1 0.178125
8 0.2609375 0.2125 0.071875 0.0375
18 0.5109375 0.1109375 0.178125 0.221875
18 0.2015625 0.084375 0.059375 0.121875
19 0.5375 0.4234375 0.75625 0.390625
4 0.68125 0.040625 0.040625 0.078125
8 0.2 0.278125 0.109375 0.109375
8 0.3390625 0.3546875 0.0875 0.08125
51 0.5609375 0.2171875 0.3375 0.071875
18 0.153125 0.0734375 0.05 0.096875