31 0.04375 0.865625 0.08125 0.14375
48 0.796875 0.671875 0.40625 0.5125
48 0.15625 0.5796875 0.3125 0.446875
4 0.4859375 0.5 0.565625 1
4 0.2234375 0.6359375 0.446875 0.603125
4 0.7078125 0.646875 0.284375 0.43125
33 0.1984375 0.921875 0.115625 0.0875
33 0.0140625 0.8875 0.028125 0.08125
56 0.2890625 0.4875 0.096875 0.046875
19 0.7359375 0.83125 0.153125 0.134375
4 0.0421875 0.6671875 0.084375 0.328125
4 0.875 0.7703125 0.228125 0.38125
49 0.34375 0.240625 0.275 0.346875
49 0.31875 0.575 0.121875 0.128125