18 0.1875 0.378125 0.33125 0.3109375
18 0.3421875 0.378125 0.240625 0.2078125
18 0.4171875 0.3453125 0.2 0.165625
18 0.490625 0.35625 0.10625 0.0984375
18 0.509375 0.2921875 0.1390625 0.0484375
18 0.625 0.34375 0.078125 0.0578125
18 0.6921875 0.2046875 0.059375 0.2109375
18 0.125 0.53125 0.25 0.6109375
18 0.0625 0.4515625 0.1234375 0.2578125
18 0.3 0.3953125 0.19375 0.24375
18 0.425 0.384375 0.1390625 0.159375
4 0.578125 0.5515625 0.096875 0.4515625
4 0.809375 0.5640625 0.0765625 0.4328125
4 0.2609375 0.7171875 0.1328125 0.4046875
4 0.86875 0.503125 0.071875 0.13125
4 0.865625 0.4234375 0.0375 0.1
4 0.9375 0.5125 0.078125 0.109375
4 0.865625 0.3671875 0.021875 0.0796875
18 0.575 0.353125 0.13125 0.09375
19 0.1921875 0.9484375 0.09375 0.0765625
47 0.546875 0.796875 0.45625 0.30625
4 0.378125 0.54375 0.0796875 0.053125
4 0.490625 0.465625 0.040625 0.0765625
4 0.921875 0.3796875 0.009375 0.0296875
4 0.3796875 0.93125 0.184375 0.1375
4 0.5203125 0.446875 0.0234375 0.084375
47 0.390625 0.6375 0.1328125 0.1078125
47 0.134375 0.7125 0.2171875 0.2546875
47 0.084375 0.9640625 0.1578125 0.046875
47 0.403125 0.65625 0.1140625 0.0703125
47 0.05 0.85625 0.0984375 0.196875
47 0.39375 0.596875 0.09375 0.046875
47 0.425 0.703125 0.1203125 0.04375
47 0.378125 0.553125 0.0984375 0.0578125
4 0.9796875 0.4109375 0.0125 0.0609375
18 0.778125 0.2875 0.1046875 0.075
19 0.19375 0.853125 0.0640625 0.028125
19 0.23125 0.8390625 0.1 0.1453125