3 0.7515625 0.5390625 0.046875 0.034375
3 0.8328125 0.55625 0.0375 0.03125
3 0.6984375 0.5328125 0.0375 0.025
3 0.934375 0.5828125 0.04375 0.034375
0 0.4484375 0.5734375 0.76875 0.321875
3 0.7921875 0.5546875 0.0375 0.028125
3 0.9515625 0.5390625 0.028125 0.0125
1 0.5421875 0.465625 0.0375 0.025
1 0.5859375 0.4765625 0.0375 0.01875
3 0.978125 0.5984375 0.0375 0.034375
3 0.765625 0.5453125 0.040625 0.034375
3 0.6203125 0.4828125 0.025 0.009375
3 0.5890625 0.4765625 0.03125 0.021875
3 0.5609375 0.475 0.03125 0.0125
3 0.7953125 0.5375 0.03125 0.015625
3 0.7328125 0.5359375 0.03125 0.028125