49 0.384375 0.1765625 0.1015625 0.146875
51 0.584375 0.653125 0.83125 0.69375
33 0.740625 0.5890625 0.2890625 0.259375
35 0.5515625 0.7609375 0.1625 0.33125
36 0.6078125 0.659375 0.1328125 0.1703125
46 0.378125 0.69375 0.196875 0.29375
62 0.503125 0.5 0.2015625 0.19375
8 0.05 0.3953125 0.1 0.1703125
8 0.28125 0.196875 0.06875 0.0328125
18 0.540625 0.109375 0.1640625 0.21875
18 0.23125 0.0640625 0.0515625 0.1171875
19 0.5421875 0.4265625 0.734375 0.3390625
4 0.7125 0.0546875 0.0359375 0.075
8 0.215625 0.2578125 0.1015625 0.1015625
8 0.35 0.34375 0.0828125 0.075
51 0.58125 0.221875 0.334375 0.0484375
18 0.184375 0.05 0.04375 0.09375