47 0.409375 0.6453125 0.378125 0.0984375
47 0.1125 0.95 0.1734375 0.096875
4 0.1921875 0.4046875 0.365625 0.7109375
33 0.23125 0.7640625 0.125 0.0953125
33 0.8609375 0.2640625 0.053125 0.0296875
35 0.6671875 0.6359375 0.1125 0.1359375
46 0.6546875 0.7796875 0.625 0.234375
4 0.909375 0.4125 0.1796875 0.5125
51 0.521875 0.8046875 0.95625 0.384375
4 0.590625 0.371875 0.471875 0.6046875
33 0.7109375 0.16875 0.0625 0.0421875
33 0.8609375 0.1234375 0.0546875 0.034375
33 0.8546875 0.171875 0.0578125 0.0390625
33 0.934375 0.16875 0.04375 0.0359375
33 0.4953125 0.2359375 0.0484375 0.034375
33 0.4515625 0.234375 0.0578125 0.0390625
33 0.44375 0.1875 0.0484375 0.040625
33 0.3609375 0.234375 0.0453125 0.034375