72 0.096875 0.5765625 0.0390625 0.0359375
4 0.440625 0.6109375 0.0609375 0.1859375
72 0.0484375 0.58125 0.0390625 0.0328125
4 0.159375 0.6015625 0.059375 0.1375
4 0.403125 0.5546875 0.01875 0.0546875
25 0.425 0.6171875 0.003125 0.00625
4 0.346875 0.55625 0.0171875 0.05
4 0.709375 0.55 0.0203125 0.0734375
4 0.796875 0.5421875 0.0203125 0.0671875
30 0.471875 0.6390625 0.0234375 0.0671875
4 0.61875 0.55625 0.01875 0.04375
4 0.028125 0.5765625 0.034375 0.075
30 0.096875 0.5671875 0.10625 0.075
30 0.3984375 0.5640625 0.00625 0.0078125
72 0.990625 0.5640625 0.015625 0.0203125