5 0.5015625 0.340625 0.996875 0.6625
4 0.4015625 0.584375 0.10625 0.384375
4 0.271875 0.6046875 0.075 0.340625
4 0.7375 0.56875 0.0625 0.33125
4 0.59375 0.575 0.075 0.275
4 0.528125 0.5734375 0.0625 0.275
4 0.4875 0.5734375 0.05 0.29375
4 0.325 0.578125 0.06875 0.28125
4 0.74375 0.3671875 0.06875 0.19375
4 0.471875 0.321875 0.10625 0.15625
4 0.459375 0.5828125 0.05 0.28125
19 0.2953125 0.603125 0.028125 0.05625
19 0.3109375 0.575 0.028125 0.053125
19 0.771875 0.5734375 0.03125 0.0625
4 0.7046875 0.290625 0.03125 0.053125
4 0.4515625 0.5296875 0.025 0.15625