25 0.9078125 0.7640625 0.025 0.01875
4 0.44375 0.753125 0.234375 0.4
4 0.21875 0.7953125 0.240625 0.2875
4 0.090625 0.73125 0.18125 0.35625
4 0.1453125 0.4453125 0.0625 0.109375
4 0.4109375 0.4796875 0.0625 0.121875
4 0.3234375 0.4953125 0.05625 0.071875
4 0.259375 0.4640625 0.0625 0.10625
4 0.0265625 0.534375 0.053125 0.1875
4 0.8609375 0.578125 0.040625 0.053125
27 0.359375 0.6921875 0.084375 0.03125
28 0.3109375 0.7703125 0.040625 0.075
4 0.0515625 0.55625 0.0875 0.146875
4 0.2859375 0.4953125 0.0375 0.0625
4 0.0546875 0.4390625 0.05625 0.1125
4 0.80625 0.559375 0.034375 0.071875