27 0.8609375 0.55 0.03125 0.121875
28 0.9578125 0.790625 0.01875 0.034375
28 0.125 0.5390625 0.01875 0.040625
28 0.3703125 0.1453125 0.0125 0.025
4 0.5328125 0.165625 0.05 0.13125
4 0.38125 0.1875 0.075 0.175
4 0.284375 0.2109375 0.059375 0.146875
4 0.1328125 0.5421875 0.071875 0.221875
4 0.89375 0.678125 0.09375 0.25625
4 0.9625 0.7375 0.075 0.18125
4 0.978125 0.725 0.04375 0.21875
4 0.803125 0.0671875 0.03125 0.05
4 0.7875 0.09375 0.0375 0.11875
4 0.8484375 0.0046875 0.021875 0.009375
4 0.3515625 0.1140625 0.05 0.125
4 0.8296875 0.1171875 0.040625 0.1125
4 0.8484375 0.128125 0.03125 0.109375