4 0.328125 0.58125 0.5703125 0.8359375
36 0.6609375 0.846875 0.0234375 0.05625
58 0.896875 0.8609375 0.2046875 0.2546875
34 0.95625 0.6375 0.0125 0.0953125
35 0.709375 0.8109375 0.0265625 0.08125
35 0.721875 0.8046875 0.025 0.1046875
36 0.6453125 0.7875 0.0359375 0.0578125
36 0.628125 0.8484375 0.05625 0.09375
36 0.640625 0.3953125 0.021875 0.26875
36 0.66875 0.3890625 0.0203125 0.240625
36 0.528125 0.6796875 0.028125 0.15625
35 0.734375 0.825 0.025 0.0765625
35 0.740625 0.8 0.021875 0.075
35 0.7453125 0.825 0.0234375 0.0765625
63 0.0421875 0.0625 0.084375 0.125
36 0.65625 0.8859375 0.05 0.0484375
36 0.6265625 0.7390625 0.0265625 0.075
36 0.61875 0.9328125 0.0234375 0.053125
36 0.64375 0.8625 0.034375 0.0578125
36 0.978125 0.1453125 0.0078125 0.053125