36 0.271875 0.084375 0.528125 0.1625
41 0.5375 0.70625 0.0984375 0.121875
41 0.4625 0.58125 0.303125 0.253125
42 0.625 0.8453125 0.1421875 0.1921875
42 0.7625 0.6859375 0.128125 0.18125
42 0.784375 0.5359375 0.115625 0.1828125
42 0.853125 0.665625 0.1046875 0.178125
42 0.3921875 0.3765625 0.059375 0.084375
42 0.421875 0.2 0.115625 0.1546875
37 0.5 0.5078125 1 0.9484375
42 0.375 0.4921875 0.134375 0.1828125
42 0.2625 0.5375 0.1046875 0.1625
42 0.6375 0.1546875 0.0921875 0.103125
42 0.603125 0.503125 0.0859375 0.1296875