20 0.5828125 0.803125 0.165625 0.3875
4 0.1609375 0.790625 0.296875 0.41875
4 0.853125 0.7453125 0.21875 0.415625
4 0.253125 0.7453125 0.203125 0.375
4 0.94375 0.6125 0.1125 0.275
4 0.065625 0.48125 0.0375 0.09375
4 0.3328125 0.675 0.090625 0.109375
4 0.71875 0.5484375 0.084375 0.109375
4 0.64375 0.5078125 0.059375 0.065625
4 0.9609375 0.803125 0.078125 0.24375
17 0.7078125 0.74375 0.196875 0.459375
4 0.521875 0.5640625 0.70625 0.871875
4 0.8234375 0.5171875 0.015625 0.021875
4 0.896875 0.646875 0.165625 0.31875