3 0.753125 0.5265625 0.04375 0.0328125
3 0.8359375 0.5390625 0.0375 0.028125
3 0.7 0.521875 0.0359375 0.021875
3 0.9375 0.559375 0.0421875 0.0328125
0 0.453125 0.5765625 0.7546875 0.28125
3 0.7953125 0.5390625 0.0375 0.0265625
3 0.953125 0.515625 0.0265625 0.0125
1 0.540625 0.4640625 0.0375 0.0234375
1 0.584375 0.471875 0.0375 0.0171875
3 0.9828125 0.5734375 0.034375 0.03125
3 0.7671875 0.53125 0.0375 0.03125
3 0.61875 0.4765625 0.025 0.009375
3 0.5875 0.471875 0.03125 0.01875
3 0.559375 0.471875 0.0296875 0.0125
3 0.796875 0.521875 0.0296875 0.0140625
3 0.734375 0.5234375 0.0296875 0.028125