25 0.94375 0.696875 0.021875 0.015625
4 0.484375 0.759375 0.1765625 0.3765625
4 0.26875 0.8359375 0.203125 0.259375
4 0.11875 0.796875 0.159375 0.334375
4 0.140625 0.5015625 0.0453125 0.1046875
4 0.409375 0.49375 0.0453125 0.1171875
4 0.325 0.5234375 0.046875 0.065625
4 0.25625 0.5015625 0.0484375 0.0984375
4 0.0265625 0.609375 0.0515625 0.1828125
4 0.86875 0.5203125 0.034375 0.0484375
27 0.390625 0.7125 0.0828125 0.01875
28 0.35625 0.796875 0.03125 0.071875
4 0.065625 0.625 0.0671875 0.1375
4 0.2875 0.5296875 0.0296875 0.0578125
4 0.05 0.509375 0.040625 0.1078125
4 0.8125 0.5109375 0.025 0.0703125