36 0.5546875 0.46875 0.3296875 0.1015625
42 0.71875 0.8015625 0.0359375 0.0890625
42 0.63125 0.8359375 0.0390625 0.1125
42 0.696875 0.809375 0.0109375 0.0546875
42 0.6875 0.875 0.0875 0.0640625
36 0.890625 0.6484375 0.115625 0.2546875
36 0.8859375 0.490625 0.153125 0.0890625
36 0.415625 0.134375 0.1109375 0.0890625
36 0.909375 0.6078125 0.1125 0.16875
36 0.821875 0.90625 0.190625 0.1828125
37 0.53125 0.1859375 0.2015625 0.13125
37 0.775 0.6109375 0.2265625 0.2375
37 0.9015625 0.8046875 0.196875 0.2984375
37 0.5 0.5015625 0.2640625 0.1796875
37 0.69375 0.8484375 0.2515625 0.2890625
37 0.621875 0.4 0.2078125 0.14375
37 0.653125 0.3078125 0.2359375 0.1359375
37 0.365625 0.1859375 0.1375 0.06875
37 0.6375 0.1640625 0.1453125 0.13125
41 0.325 0.5625 0.028125 0.0671875
41 0.46875 0.85 0.059375 0.0609375
41 0.2828125 0.5921875 0.034375 0.0609375
42 0.74375 0.8703125 0.040625 0.0671875
42 0.659375 0.903125 0.021875 0.0671875
51 0.5 0.54375 1 0.9125
34 0.3953125 0.9171875 0.1328125 0.1375
36 0.75 0.2828125 0.06875 0.0609375
37 0.25625 0.2265625 0.15 0.08125
37 0.14375 0.2921875 0.1828125 0.125
37 0.05625 0.3796875 0.1109375 0.1546875
41 0.2125 0.7359375 0.0625 0.0515625
42 0.621875 0.8921875 0.05625 0.0625
42 0.9125 0.8015625 0.01875 0.03125
42 0.60625 0.8390625 0.0484375 0.05625
42 0.296875 0.7921875 0.065625 0.0875
42 0.675 0.8015625 0.034375 0.0453125
42 0.69375 0.9421875 0.0328125 0.0234375
36 0.8375 0.2796875 0.03125 0.01875
41 0.409375 0.7 0.0375 0.04375
41 0.465625 0.6390625 0.028125 0.06875
41 0.2484375 0.5609375 0.025 0.0296875
37 0.134375 0.4875 0.26875 0.19375