45 0.4109375 0.6765625 0.2296875 0.2171875
45 0.153125 0.5515625 0.1890625 0.1609375
45 0.378125 0.5546875 0.2296875 0.225
45 0.3890625 0.40625 0.21875 0.2203125
45 0.1875 0.4328125 0.1890625 0.1953125
45 0.178125 0.3015625 0.196875 0.1765625
45 0.84375 0.53125 0.1890625 0.2390625
45 0.8328125 0.31875 0.190625 0.2125
45 0.178125 0.796875 0.2421875 0.25
45 0.8515625 0.7984375 0.2078125 0.3
45 0.634375 0.821875 0.2671875 0.2578125
45 0.3921875 0.8515625 0.259375 0.1890625
45 0.55 0.5140625 0.1328125 0.39375