20 0.5296875 0.8125 0.103125 0.375
4 0.109375 0.765625 0.21875 0.4625
4 0.8046875 0.803125 0.153125 0.39375
4 0.2140625 0.6984375 0.14375 0.35625
4 0.9421875 0.6921875 0.115625 0.259375
4 0.075 0.40625 0.021875 0.0921875
4 0.3046875 0.64375 0.075 0.0984375
4 0.70625 0.5859375 0.0671875 0.1
4 0.640625 0.5328125 0.0515625 0.05625
4 0.9390625 0.8875 0.1203125 0.225
17 0.6625 0.7765625 0.1203125 0.4453125
4 0.5078125 0.58125 0.575 0.8125
4 0.815625 0.5734375 0.0125 0.0203125
4 0.865625 0.7140625 0.115625 0.3046875