6 0.153125 0.49375 0.046875 0.071875
6 0.09375 0.4953125 0.046875 0.05625
17 0.3609375 0.834375 0.09375 0.125
1 0.578125 0.6984375 0.353125 0.296875
1 0.9046875 0.6421875 0.190625 0.159375
4 0.325 0.8703125 0.15 0.259375
4 0.4296875 0.7765625 0.065625 0.171875
4 0.3859375 0.7734375 0.05 0.128125
4 0.4625 0.771875 0.046875 0.153125
4 0.5140625 0.7828125 0.075 0.165625
4 0.93125 0.66875 0.034375 0.090625
4 0.2359375 0.75625 0.025 0.078125
4 0.5484375 0.76875 0.053125 0.159375
4 0.1734375 0.778125 0.04375 0.103125
4 0.2609375 0.7546875 0.034375 0.08125
4 0.4015625 0.771875 0.04375 0.146875
6 0.3828125 0.646875 0.01875 0.025
6 0.0703125 0.7 0.0125 0.015625
6 0.0671875 0.6515625 0.0125 0.025
17 0.3671875 0.75 0.021875 0.04375
19 0.5265625 0.7625 0.025 0.03125
4 0.3484375 0.753125 0.04375 0.0875
1 0.9171875 0.7765625 0.165625 0.346875
1 0.2265625 0.7296875 0.234375 0.153125
1 0.7828125 0.6453125 0.04375 0.034375
6 0.140625 0.4359375 0.028125 0.034375
19 0.1859375 0.7765625 0.0125 0.025
4 0.878125 0.675 0.034375 0.084375
6 0.4859375 0.5609375 0.015625 0.03125
6 0.475 0.5625 0.0125 0.025
6 0.1125 0.684375 0.009375 0.009375
19 0.3703125 0.7625 0.025 0.0625
19 0.771875 0.678125 0.009375 0.0125