31 0.615625 0.4109375 0.0125 0.05625
31 0.590625 0.4171875 0.0109375 0.04375
31 0.58125 0.4140625 0.0109375 0.0578125
31 0.6046875 0.415625 0.0109375 0.05
31 0.6921875 0.6171875 0.028125 0.0640625
61 0.7453125 0.5 0.1515625 0.2875
31 0.73125 0.6265625 0.015625 0.0765625
31 0.63125 0.3546875 0.0140625 0.0359375
31 0.5921875 0.2984375 0.015625 0.03125
31 0.640625 0.2921875 0.015625 0.0328125
31 0.6609375 0.2875 0.025 0.0421875
47 0.3640625 0.925 0.234375 0.15
32 0.25 0.425 0.0203125 0.0578125
32 0.2328125 0.4359375 0.025 0.0765625
32 0.18125 0.44375 0.021875 0.06875
32 0.10625 0.4484375 0.03125 0.0796875
32 0.140625 0.4484375 0.0234375 0.0828125
32 0.159375 0.446875 0.01875 0.0765625
33 0.25 0.5078125 0.0421875 0.04375
33 0.196875 0.5140625 0.0359375 0.0421875
33 0.2921875 0.5015625 0.03125 0.0328125
33 0.321875 0.4921875 0.03125 0.0328125
37 0.834375 0.4734375 0.0875 0.0234375
58 0.63125 0.5046875 0.0828125 0.0625
59 0.465625 0.584375 0.0734375 0.0703125
32 0.128125 0.4484375 0.0171875 0.0828125
32 0.1984375 0.4375 0.025 0.0796875
32 0.215625 0.4390625 0.0171875 0.0734375
33 0.265625 0.5046875 0.034375 0.04375
33 0.8125 0.3015625 0.0234375 0.04375
33 0.84375 0.3046875 0.0234375 0.0296875
33 0.7953125 0.3140625 0.009375 0.0171875
33 0.278125 0.4421875 0.028125 0.0390625
33 0.221875 0.5078125 0.0234375 0.0421875
37 0.8125 0.4453125 0.0453125 0.0109375
37 0.834375 0.4609375 0.0890625 0.0078125
37 0.8375 0.4546875 0.08125 0.0109375
37 0.834375 0.4484375 0.0875 0.0125
37 0.578125 0.3671875 0.0203125 0.01875
51 0.690625 0.971875 0.2140625 0.03125