31 0.5953125 0.3890625 0.025 0.05625
31 0.571875 0.4 0.01875 0.04375
31 0.5609375 0.3984375 0.021875 0.059375
31 0.584375 0.3953125 0.021875 0.05
31 0.7125 0.575 0.040625 0.06875
61 0.740625 0.4484375 0.209375 0.3125
31 0.753125 0.575 0.03125 0.078125
31 0.5984375 0.33125 0.021875 0.0375
31 0.5484375 0.284375 0.021875 0.034375
31 0.59375 0.2671875 0.021875 0.034375
31 0.6125 0.259375 0.034375 0.046875
47 0.4546875 0.921875 0.259375 0.15625
32 0.240625 0.478125 0.03125 0.059375
32 0.225 0.4921875 0.040625 0.08125
32 0.1765625 0.5109375 0.034375 0.071875
32 0.1046875 0.53125 0.046875 0.084375
32 0.1375 0.525 0.040625 0.084375
32 0.15625 0.51875 0.034375 0.078125
33 0.2578125 0.559375 0.05 0.053125
33 0.20625 0.5765625 0.04375 0.05
33 0.296875 0.5453125 0.0375 0.0375
33 0.3234375 0.5296875 0.0375 0.0375
37 0.821875 0.4046875 0.090625 0.040625
58 0.6296875 0.4765625 0.09375 0.078125
59 0.484375 0.5890625 0.0875 0.084375
32 0.125 0.5265625 0.034375 0.084375
32 0.1921875 0.5015625 0.040625 0.084375
32 0.209375 0.5 0.03125 0.075
33 0.271875 0.553125 0.04375 0.05
33 0.7640625 0.240625 0.03125 0.046875
33 0.7953125 0.2375 0.028125 0.034375
33 0.75 0.25625 0.0125 0.01875
33 0.2703125 0.4890625 0.034375 0.04375
33 0.2296875 0.565625 0.03125 0.046875
37 0.79375 0.38125 0.046875 0.01875
37 0.81875 0.3921875 0.0875 0.025
37 0.8203125 0.3859375 0.08125 0.028125
37 0.815625 0.3796875 0.0875 0.03125
37 0.5484375 0.353125 0.025 0.021875
51 0.784375 0.921875 0.215625 0.075