31 0.10625 0.9328125 0.0625 0.134375
48 0.825 0.6234375 0.3484375 0.4625
48 0.15 0.6375 0.2984375 0.40625
4 0.4859375 0.5 0.4171875 0.978125
4 0.2171875 0.684375 0.4296875 0.54375
4 0.728125 0.6125 0.2234375 0.4015625
33 0.26875 0.9640625 0.10625 0.071875
33 0.0453125 0.965625 0.0890625 0.06875
56 0.2890625 0.5203125 0.0921875 0.034375
19 0.784375 0.790625 0.1359375 0.1140625
4 0.046875 0.740625 0.09375 0.3171875
4 0.9125 0.7078125 0.175 0.359375
49 0.3046875 0.26875 0.2296875 0.3140625
49 0.3328125 0.603125 0.1046875 0.1125