4 0.584375 0.7421875 0.2828125 0.4359375
4 0.9140625 0.390625 0.171875 0.146875
30 0.671875 0.7078125 0.2015625 0.0640625
47 0.1625 0.384375 0.0828125 0.034375
47 0.253125 0.38125 0.0890625 0.0390625
47 0.4359375 0.38125 0.0921875 0.040625
47 0.5265625 0.503125 0.109375 0.04375
47 0.309375 0.428125 0.096875 0.046875
47 0.21875 0.421875 0.096875 0.040625
47 0.121875 0.425 0.090625 0.0375
47 0.071875 0.3859375 0.0921875 0.034375
47 0.8515625 0.5125 0.11875 0.0734375
47 0.6765625 0.453125 0.1 0.034375
47 0.6328125 0.5015625 0.0984375 0.0421875
47 0.5125 0.41875 0.1265625 0.1203125
47 0.340625 0.396875 0.09375 0.065625