3 0.278125 0.8734375 0.015625 0.0234375
3 0.9625 0.740625 0.015625 0.0265625
3 0.265625 0.940625 0.0234375 0.0234375
3 0.3484375 0.7875 0.015625 0.0234375
5 0.478125 0.5390625 0.46875 0.1953125
1 0.153125 0.8765625 0.034375 0.059375
6 0.396875 0.346875 0.003125 0.0046875
3 0.121875 0.9625 0.0203125 0.021875
3 0.15625 0.934375 0.0203125 0.0265625
3 0.2125 0.8875 0.0125 0.021875
3 0.196875 0.86875 0.015625 0.021875
3 0.3109375 0.878125 0.0140625 0.0234375
3 0.490625 0.4765625 0.0078125 0.0140625
3 0.0875 0.459375 0.0109375 0.0140625
3 0.35 0.8359375 0.0171875 0.03125
70 0.66875 0.4921875 0.0359375 0.0234375
1 0.5234375 0.46875 0.0171875 0.0328125
3 0.459375 0.434375 0.009375 0.009375
70 0.71875 0.93125 0.0203125 0.046875
1 0.15625 0.9359375 0.01875 0.0265625