47 0.30625 0.34375 0.16875 0.18125
47 0.4546875 0.40625 0.153125 0.259375
34 0.5734375 0.88125 0.315625 0.2375
35 0.4078125 0.86875 0.046875 0.25
44 0.4421875 0.8953125 0.540625 0.209375
51 0.321875 0.21875 0.2375 0.178125
4 0.640625 0.5 0.71875 1
4 0.20625 0.534375 0.4125 0.61875
4 0.51875 0.1484375 0.225 0.296875
4 0.3953125 0.09375 0.121875 0.1875
4 0.3203125 0.0859375 0.140625 0.171875
4 0.1296875 0.16875 0.234375 0.3375
4 0.265625 0.046875 0.05625 0.09375
4 0.696875 0.10625 0.06875 0.178125
33 0.33125 0.16875 0.034375 0.040625
47 0.0453125 0.4125 0.090625 0.35625
47 0.6921875 0.1921875 0.0375 0.028125
51 0.965625 0.2875 0.06875 0.08125
4 0.4609375 0.028125 0.028125 0.05625
4 0.621875 0.10625 0.140625 0.203125
51 0.4859375 0.86875 0.971875 0.2625
33 0.296875 0.1671875 0.034375 0.05
33 0.371875 0.171875 0.034375 0.034375
33 0.396875 0.171875 0.03125 0.05