47 0.29375 0.3609375 0.1546875 0.1671875
47 0.446875 0.4109375 0.13125 0.2484375
34 0.609375 0.8828125 0.296875 0.2328125
35 0.440625 0.875 0.0265625 0.25
44 0.478125 0.9015625 0.528125 0.1703125
51 0.2984375 0.2359375 0.225 0.1578125
4 0.6625 0.4953125 0.675 0.9890625
4 0.196875 0.5609375 0.3921875 0.5875
4 0.4875 0.1453125 0.2 0.2859375
4 0.3609375 0.0984375 0.10625 0.1953125
4 0.284375 0.09375 0.1265625 0.1796875
4 0.1015625 0.18125 0.203125 0.3625
4 0.2265625 0.0578125 0.046875 0.115625
4 0.6625 0.090625 0.0546875 0.175
33 0.303125 0.184375 0.0296875 0.0375
47 0.034375 0.4546875 0.06875 0.353125
47 0.6640625 0.1765625 0.0359375 0.0265625
51 0.95625 0.246875 0.0859375 0.075
4 0.421875 0.03125 0.021875 0.0609375
4 0.5875 0.096875 0.125 0.19375
51 0.5015625 0.890625 0.996875 0.2125
33 0.26875 0.1859375 0.0296875 0.0484375
33 0.34375 0.184375 0.03125 0.0328125
33 0.36875 0.1828125 0.0265625 0.0484375