18 0.18125 0.440625 0.3625 0.36875
18 0.321875 0.4109375 0.275 0.25
18 0.3890625 0.3640625 0.228125 0.2
18 0.4640625 0.3609375 0.121875 0.115625
18 0.4703125 0.29375 0.146875 0.075
18 0.5921875 0.3234375 0.0875 0.071875
18 0.6328125 0.1734375 0.1 0.21875
18 0.159375 0.6015625 0.31875 0.646875
18 0.0734375 0.5359375 0.146875 0.278125
18 0.284375 0.4359375 0.2375 0.275
18 0.4046875 0.4015625 0.165625 0.184375
4 0.5859375 0.5359375 0.18125 0.4625
4 0.815625 0.503125 0.15625 0.440625
4 0.30625 0.759375 0.20625 0.421875
4 0.8625 0.4328125 0.096875 0.14375
4 0.84375 0.3546875 0.05625 0.10625
4 0.93125 0.428125 0.096875 0.121875
4 0.8328125 0.3 0.0375 0.08125
18 0.5453125 0.3421875 0.146875 0.115625
19 0.28125 0.975 0.10625 0.05
47 0.603125 0.7828125 0.50625 0.3875
4 0.3890625 0.565625 0.0875 0.06875
4 0.484375 0.46875 0.053125 0.084375
4 0.890625 0.3015625 0.015625 0.03125
4 0.4625 0.93125 0.20625 0.1375
4 0.509375 0.44375 0.040625 0.0875
47 0.41875 0.65625 0.15 0.13125
47 0.18125 0.778125 0.2625 0.290625
47 0.434375 0.671875 0.125 0.090625
47 0.1265625 0.9140625 0.134375 0.171875
47 0.4140625 0.615625 0.1 0.0625
47 0.465625 0.7140625 0.125 0.065625
47 0.390625 0.575 0.10625 0.075
4 0.953125 0.3203125 0.025 0.0625
18 0.7328125 0.2390625 0.115625 0.09375
19 0.2671875 0.9046875 0.06875 0.040625
19 0.3015625 0.884375 0.125 0.1625