4 0.6140625 0.775 0.015625 0.0296875
4 0.5359375 0.75625 0.0109375 0.0296875
4 0.525 0.753125 0.009375 0.0328125
4 0.6390625 0.775 0.0234375 0.0296875
26 0.69375 0.4671875 0.028125 0.034375
26 0.446875 0.596875 0.015625 0.0140625
26 0.6890625 0.2078125 0.015625 0.028125
26 0.475 0.4984375 0.034375 0.025
4 0.8796875 0.7640625 0.0109375 0.04375
4 0.8453125 0.75625 0.0078125 0.034375
3 0.44375 0.734375 0.015625 0.0109375
3 0.49375 0.7453125 0.015625 0.0109375
3 0.46875 0.74375 0.0140625 0.009375
3 0.415625 0.759375 0.0296875 0.015625
26 0.13125 0.8109375 0.065625 0.0296875
26 0.63125 0.659375 0.059375 0.0375
4 0.434375 0.778125 0.0125 0.0296875
4 0.8546875 0.7609375 0.00625 0.0375
4 0.91875 0.7609375 0.0078125 0.0234375
4 0.39375 0.765625 0.0078125 0.053125
4 0.371875 0.765625 0.0125 0.05625
4 0.35 0.7640625 0.0125 0.0625