53 0.4 0.70625 0.475 0.571875
31 0.146875 0.7921875 0.125 0.31875
62 0.7328125 0.4125 0.025 0.125
62 0.8640625 0.4328125 0.1125 0.178125
62 0.68125 0.4125 0.025 0.128125
62 0.6890625 0.4125 0.021875 0.13125
62 0.7015625 0.415625 0.025 0.125
62 0.665625 0.778125 0.071875 0.15625
62 0.7140625 0.4125 0.03125 0.13125
62 0.74375 0.4171875 0.15625 0.146875
62 0.65625 0.9546875 0.25 0.090625
66 0.478125 0.075 0.109375 0.15
37 0.378125 0.209375 0.0875 0.071875
55 0.184375 0.94375 0.078125 0.05625
62 0.2578125 0.221875 0.109375 0.025
62 0.2546875 0.2328125 0.1125 0.025
62 0.25625 0.246875 0.109375 0.025
66 0.84375 0.1984375 0.09375 0.153125
62 0.2546875 0.259375 0.109375 0.025
31 0.46875 0.2109375 0.071875 0.18125