4 0.6 0.78125 0.015625 0.03125
4 0.521875 0.7578125 0.0125 0.03125
4 0.5109375 0.7546875 0.0125 0.034375
4 0.625 0.78125 0.025 0.03125
26 0.6953125 0.478125 0.03125 0.034375
26 0.4421875 0.59375 0.015625 0.015625
26 0.7046875 0.21875 0.015625 0.028125
26 0.475 0.496875 0.034375 0.028125
4 0.865625 0.7828125 0.0125 0.04375
4 0.83125 0.7734375 0.009375 0.034375
3 0.43125 0.73125 0.015625 0.0125
3 0.48125 0.7453125 0.015625 0.0125
3 0.45625 0.7421875 0.015625 0.009375
3 0.4015625 0.7546875 0.03125 0.015625
26 0.115625 0.790625 0.065625 0.034375
26 0.6234375 0.665625 0.0625 0.040625
4 0.4203125 0.775 0.0125 0.03125
4 0.840625 0.7796875 0.009375 0.0375
4 0.9046875 0.7828125 0.009375 0.025
4 0.3796875 0.759375 0.009375 0.053125
4 0.3578125 0.7578125 0.015625 0.05625
4 0.3359375 0.75625 0.015625 0.0625