7 0.284375 0.646875 0.434375 0.3375
7 0.6484375 0.8078125 0.234375 0.3375
7 0.8046875 0.84375 0.175 0.1625
7 0.91875 0.8140625 0.1125 0.19375
7 0.8234375 0.6640625 0.203125 0.171875
7 0.871875 0.584375 0.25625 0.24375
7 0.965625 0.484375 0.06875 0.09375
7 0.9328125 0.3875 0.134375 0.14375
7 0.7828125 0.4171875 0.146875 0.115625
7 0.709375 0.4625 0.115625 0.11875
7 0.609375 0.559375 0.196875 0.2
7 0.6140625 0.44375 0.071875 0.071875
7 0.4828125 0.4140625 0.11875 0.10625
7 0.25 0.4078125 0.109375 0.090625
7 0.1421875 0.871875 0.2 0.19375