7 0.303125 0.671875 0.403125 0.290625
7 0.684375 0.7875 0.196875 0.3171875
7 0.84375 0.8046875 0.1578125 0.1453125
7 0.9546875 0.7609375 0.090625 0.184375
7 0.840625 0.6234375 0.1859375 0.15
7 0.88125 0.5390625 0.2359375 0.215625
7 0.965625 0.4265625 0.0671875 0.0859375
7 0.9234375 0.334375 0.1359375 0.1296875
7 0.7703125 0.3828125 0.1359375 0.1
7 0.703125 0.4375 0.103125 0.1078125
7 0.615625 0.5453125 0.175 0.1796875
7 0.60625 0.4296875 0.0640625 0.0640625
7 0.471875 0.4171875 0.1078125 0.0953125
7 0.240625 0.4390625 0.1 0.0796875
7 0.190625 0.9125 0.18125 0.1734375