7 0.2578125 0.7484375 0.2 0.184375
7 0.434375 0.734375 0.19375 0.184375
7 0.525 0.8875 0.14375 0.140625
7 0.2984375 0.9515625 0.178125 0.096875
7 0.6703125 0.775 0.278125 0.4375
7 0.95 0.8453125 0.1 0.184375
7 0.83125 0.5375 0.11875 0.15625
7 0.440625 0.4375 0.125 0.115625
7 0.621875 0.5125 0.096875 0.078125
7 0.5875 0.440625 0.13125 0.078125
7 0.6765625 0.38125 0.115625 0.078125
7 0.6 0.3015625 0.09375 0.053125
7 0.6296875 0.2375 0.053125 0.046875
7 0.73125 0.2546875 0.09375 0.075
7 0.5265625 0.246875 0.0875 0.053125
7 0.6578125 0.1375 0.1125 0.1
7 0.0890625 0.396875 0.178125 0.20625
7 0.4546875 0.2125 0.040625 0.040625
7 0.546875 0.1421875 0.08125 0.05625