7 0.1578125 0.559375 0.24375 0.234375
7 0.309375 0.6515625 0.240625 0.2375
7 0.29375 0.8265625 0.178125 0.175
7 0.084375 0.7578125 0.16875 0.171875
7 0.4796875 0.7859375 0.390625 0.428125
7 0.696875 0.975 0.18125 0.05
7 0.7453125 0.7265625 0.159375 0.184375
7 0.4890625 0.4140625 0.153125 0.146875
7 0.5921875 0.58125 0.115625 0.10625
7 0.60625 0.5046875 0.15 0.1125
7 0.7125 0.50625 0.134375 0.109375
7 0.6984375 0.3984375 0.10625 0.078125
7 0.75625 0.365625 0.065625 0.059375
7 0.8328125 0.4375 0.1125 0.1
7 0.6703125 0.3125 0.1 0.078125
7 0.840625 0.3015625 0.140625 0.13125
7 0.2140625 0.1640625 0.265625 0.2625
7 0.63125 0.2390625 0.05 0.05
7 0.7484375 0.2375 0.09375 0.08125