7 0.2328125 0.721875 0.1828125 0.165625
7 0.4109375 0.7265625 0.178125 0.1671875
7 0.484375 0.8875 0.1296875 0.1265625
7 0.253125 0.940625 0.16875 0.10625
7 0.640625 0.790625 0.2375 0.4140625
7 0.9359375 0.89375 0.128125 0.171875
7 0.825 0.571875 0.103125 0.146875
7 0.446875 0.43125 0.115625 0.103125
7 0.6203125 0.525 0.090625 0.0703125
7 0.59375 0.45 0.1265625 0.0640625
7 0.6875 0.4 0.109375 0.0671875
7 0.6203125 0.3125 0.0890625 0.0453125
7 0.65625 0.253125 0.0484375 0.0421875
7 0.75625 0.2796875 0.0875 0.065625
7 0.553125 0.2515625 0.084375 0.0453125
7 0.6953125 0.15625 0.1046875 0.090625
7 0.090625 0.353125 0.1796875 0.1890625
7 0.484375 0.209375 0.0359375 0.0375
7 0.584375 0.1484375 0.0765625 0.05