7 0.175 0.6234375 0.2109375 0.1984375
7 0.3421875 0.684375 0.2078125 0.2
7 0.359375 0.859375 0.1515625 0.1484375
7 0.1234375 0.8375 0.184375 0.1390625
7 0.5375 0.7984375 0.3203125 0.403125
7 0.7890625 0.959375 0.16875 0.0796875
7 0.784375 0.675 0.13125 0.1625
7 0.4734375 0.4171875 0.1328125 0.125
7 0.60625 0.5625 0.1015625 0.0875
7 0.6046875 0.484375 0.134375 0.0890625
7 0.709375 0.465625 0.1203125 0.0875
7 0.675 0.3625 0.0953125 0.0625
7 0.7265625 0.31875 0.05625 0.05
7 0.8140625 0.375 0.0984375 0.08125
7 0.63125 0.2828125 0.090625 0.0625
7 0.796875 0.240625 0.1203125 0.1109375
7 0.1546875 0.225 0.2265625 0.2234375
7 0.5796875 0.21875 0.0421875 0.04375
7 0.69375 0.1953125 0.0828125 0.065625