7 0.1984375 0.671875 0.234375 0.225
7 0.3734375 0.7078125 0.23125 0.225
7 0.4171875 0.878125 0.16875 0.165625
7 0.18125 0.8921875 0.2 0.159375
7 0.5828125 0.7828125 0.365625 0.434375
7 0.8578125 0.9125 0.178125 0.10625
7 0.8078125 0.6265625 0.15 0.178125
7 0.4609375 0.4234375 0.15 0.140625
7 0.6140625 0.546875 0.1125 0.1
7 0.6015625 0.4671875 0.14375 0.10625
7 0.7015625 0.434375 0.128125 0.103125
7 0.65 0.3375 0.103125 0.075
7 0.6953125 0.284375 0.0625 0.05625
7 0.7921875 0.328125 0.10625 0.09375
7 0.596875 0.265625 0.096875 0.071875
7 0.753125 0.196875 0.134375 0.125
7 0.1203125 0.28125 0.240625 0.25
7 0.534375 0.2109375 0.046875 0.046875
7 0.64375 0.1671875 0.090625 0.075