7 0.178125 0.628125 0.209375 0.196875
7 0.3453125 0.6875 0.20625 0.196875
7 0.365625 0.8625 0.15 0.146875
7 0.1296875 0.84375 0.1828125 0.1359375
7 0.54375 0.7984375 0.3140625 0.403125
7 0.796875 0.9578125 0.1671875 0.084375
7 0.7875 0.66875 0.128125 0.1609375
7 0.471875 0.41875 0.1328125 0.1234375
7 0.60625 0.5625 0.1015625 0.0859375
7 0.6046875 0.48125 0.134375 0.0875
7 0.709375 0.4625 0.11875 0.0859375
7 0.671875 0.359375 0.0953125 0.0625
7 0.7234375 0.3140625 0.0546875 0.05
7 0.8125 0.3703125 0.096875 0.08125
7 0.628125 0.28125 0.090625 0.0609375
7 0.7921875 0.234375 0.11875 0.109375
7 0.15 0.23125 0.225 0.221875
7 0.575 0.21875 0.0421875 0.0421875
7 0.6890625 0.190625 0.0828125 0.0640625