7 0.178125 0.475 0.2421875 0.196875
7 0.471875 0.675 0.1953125 0.175
7 0.515625 0.9078125 0.1875 0.184375
7 0.75 0.9453125 0.140625 0.090625
7 0.9515625 0.8515625 0.096875 0.225
7 0.796875 0.60625 0.40625 0.2484375
7 0.75625 0.325 0.4875 0.35
7 0.79375 0.10625 0.10625 0.1421875
7 0.91875 0.08125 0.1046875 0.128125
7 0.9375 0.028125 0.0765625 0.0546875
7 0.528125 0.0875 0.384375 0.175
7 0.265625 0.134375 0.0984375 0.0765625
7 0.296875 0.0484375 0.0859375 0.08125
7 0.0359375 0.2421875 0.071875 0.1
7 0.175 0.078125 0.090625 0.0625
7 0.190625 0.2390625 0.084375 0.0828125
7 0.18125 0.6875 0.13125 0.1609375
7 0.059375 0.903125 0.0859375 0.1921875
7 0.30625 0.95 0.20625 0.1
7 0.334375 0.565625 0.1734375 0.1765625
7 0.35625 0.19375 0.0609375 0.0921875