7 0.20625 0.365625 0.2765625 0.24375
7 0.4125 0.653125 0.228125 0.2125
7 0.375 0.890625 0.2234375 0.21875
7 0.58125 0.971875 0.1546875 0.05625
7 0.815625 0.934375 0.16875 0.13125
7 0.7484375 0.703125 0.4546875 0.3359375
7 0.7625 0.421875 0.4734375 0.4484375
7 0.9109375 0.2296875 0.134375 0.159375
7 0.9859375 0.25 0.028125 0.146875
7 0.6703125 0.1265625 0.409375 0.253125
7 0.40625 0.0765625 0.1125 0.0953125
7 0.465625 0.028125 0.1015625 0.0546875
7 0.14375 0.096875 0.1078125 0.115625
7 0.3390625 0.015625 0.1 0.03125
7 0.3 0.15 0.1 0.0984375
7 0.1359375 0.565625 0.1625 0.184375
7 0.1625 0.865625 0.221875 0.159375
7 0.321875 0.50625 0.20625 0.209375
7 0.46875 0.1625 0.08125 0.103125