7 0.1875 0.41875 0.315625 0.2875
7 0.440625 0.665625 0.2625 0.25
7 0.4453125 0.8890625 0.259375 0.221875
7 0.6625 0.95 0.1625 0.08125
7 0.8859375 0.8734375 0.1875 0.159375
7 0.7625 0.6546875 0.475 0.409375
7 0.7359375 0.378125 0.528125 0.525
7 0.8578125 0.1625 0.159375 0.18125
7 0.934375 0.16875 0.053125 0.15
7 0.6015625 0.13125 0.446875 0.2625
7 0.334375 0.1 0.128125 0.1125
7 0.384375 0.040625 0.109375 0.071875
7 0.0796875 0.165625 0.125 0.13125
7 0.2578125 0.0515625 0.103125 0.046875
7 0.2421875 0.190625 0.115625 0.115625
7 0.153125 0.628125 0.190625 0.209375
7 0.2296875 0.909375 0.246875 0.18125
7 0.325 0.5375 0.240625 0.240625
7 0.4109375 0.1734375 0.096875 0.115625