7 0.1765625 0.503125 0.259375 0.21875
7 0.4875 0.6765625 0.209375 0.190625
7 0.5515625 0.9015625 0.203125 0.196875
7 0.7875 0.921875 0.146875 0.103125
7 0.9609375 0.809375 0.078125 0.23125
7 0.7953125 0.5796875 0.409375 0.284375
7 0.740625 0.303125 0.515625 0.390625
7 0.7578125 0.0828125 0.11875 0.15
7 0.8796875 0.0578125 0.115625 0.115625
7 0.89375 0.0109375 0.08125 0.021875
7 0.4921875 0.0953125 0.396875 0.190625
7 0.234375 0.15625 0.10625 0.084375
7 0.2578125 0.0671875 0.09375 0.0875
7 0.028125 0.284375 0.05625 0.10625
7 0.1390625 0.1078125 0.096875 0.06875
7 0.16875 0.2671875 0.090625 0.090625
7 0.1984375 0.7140625 0.14375 0.171875
7 0.0953125 0.9203125 0.103125 0.159375
7 0.3453125 0.953125 0.215625 0.09375
7 0.340625 0.5796875 0.1875 0.190625
7 0.3296875 0.2078125 0.06875 0.096875