7 0.5375 0.86875 0.10625 0.153125
7 0.6421875 0.865625 0.171875 0.253125
7 0.746875 0.546875 0.10625 0.15
7 0.8265625 0.4609375 0.128125 0.19375
7 0.909375 0.603125 0.096875 0.10625
7 0.9109375 0.871875 0.1 0.159375
7 0.9796875 0.884375 0.040625 0.10625
7 0.7890625 0.884375 0.0875 0.115625
7 0.3390625 0.928125 0.196875 0.14375
7 0.4578125 0.578125 0.153125 0.15
7 0.0578125 0.4984375 0.115625 0.190625
7 0.1390625 0.5078125 0.128125 0.190625
7 0.3046875 0.4671875 0.290625 0.371875
7 0.0609375 0.275 0.06875 0.08125
7 0.1171875 0.2734375 0.084375 0.096875
7 0.1578125 0.728125 0.065625 0.13125
7 0.8796875 0.24375 0.21875 0.34375