7 0.4609375 0.6375 0.3984375 0.34375
7 0.159375 0.8984375 0.209375 0.203125
7 0.1125 0.6140625 0.225 0.228125
7 0.740625 0.89375 0.1984375 0.165625
7 0.8234375 0.6375 0.353125 0.5
7 0.9109375 0.2921875 0.15 0.21875
7 0.7203125 0.29375 0.140625 0.109375
7 0.609375 0.23125 0.24375 0.165625
7 0.78125 0.125 0.1171875 0.1015625
7 0.1328125 0.453125 0.075 0.053125
7 0.0375 0.45 0.075 0.0453125
7 0.134375 0.309375 0.0859375 0.0578125
7 0.1140625 0.284375 0.1015625 0.0515625
7 0.234375 0.396875 0.075 0.065625
7 0.23125 0.340625 0.0609375 0.04375
7 0.334375 0.35625 0.0875 0.075
7 0.446875 0.4125 0.078125 0.0609375
7 0.553125 0.390625 0.0921875 0.0890625
7 0.4625 0.334375 0.0765625 0.040625
7 0.4 0.271875 0.14375 0.103125
7 0.4625 0.1890625 0.128125 0.071875
7 0.56875 0.14375 0.109375 0.0734375
7 0.665625 0.140625 0.0734375 0.04375
7 0.590625 0.0890625 0.1875 0.0984375
7 0.75625 0.2078125 0.04375 0.0390625
7 0.8375 0.203125 0.065625 0.034375
7 0.78125 0.25 0.05 0.0453125
7 0.025 0.3890625 0.05 0.065625
7 0.275 0.559375 0.1015625 0.0875