7 0.4375 0.628125 0.453125 0.40625
7 0.1078125 0.83125 0.215625 0.2375
7 0.1140625 0.54375 0.228125 0.2625
7 0.66875 0.915625 0.225 0.16875
7 0.7890625 0.6921875 0.421875 0.553125
7 0.9234375 0.3671875 0.153125 0.240625
7 0.753125 0.334375 0.15625 0.13125
7 0.6546875 0.2546875 0.26875 0.20625
7 0.8421875 0.1796875 0.134375 0.121875
7 0.146875 0.390625 0.084375 0.065625
7 0.053125 0.3703125 0.08125 0.05625
7 0.1734375 0.2484375 0.09375 0.071875
7 0.1578125 0.2203125 0.109375 0.06875
7 0.25625 0.3515625 0.084375 0.078125
7 0.2625 0.296875 0.06875 0.053125
7 0.3625 0.3296875 0.1 0.0875
7 0.4625 0.4046875 0.0875 0.075
7 0.571875 0.4015625 0.10625 0.103125
7 0.4921875 0.3296875 0.08125 0.053125
7 0.440625 0.2578125 0.159375 0.125
7 0.5171875 0.1875 0.1375 0.09375
7 0.6296875 0.1609375 0.121875 0.090625
7 0.725 0.175 0.08125 0.05625
7 0.6609375 0.1109375 0.203125 0.128125
7 0.803125 0.25625 0.05 0.046875
7 0.884375 0.265625 0.071875 0.04375
7 0.8203125 0.303125 0.05625 0.053125
7 0.0515625 0.3078125 0.059375 0.071875
7 0.26875 0.51875 0.115625 0.103125