7 0.490625 0.6421875 0.459375 0.41875
7 0.25 0.9203125 0.25 0.159375
7 0.1453125 0.6953125 0.26875 0.26875
7 0.81875 0.8359375 0.228125 0.203125
7 0.809375 0.565625 0.38125 0.5625
7 0.859375 0.2125 0.190625 0.24375
7 0.671875 0.2515625 0.159375 0.1375
7 0.553125 0.2125 0.271875 0.2125
7 0.696875 0.0734375 0.134375 0.125
7 0.13125 0.5296875 0.084375 0.06875
7 0.0390625 0.546875 0.078125 0.0625
7 0.103125 0.3890625 0.096875 0.075
7 0.078125 0.3703125 0.109375 0.071875
7 0.21875 0.4546875 0.0875 0.08125
7 0.2046875 0.4015625 0.06875 0.05625
7 0.309375 0.3921875 0.103125 0.090625
7 0.4296875 0.425 0.090625 0.075
7 0.528125 0.38125 0.109375 0.10625
7 0.428125 0.3453125 0.08125 0.05625
7 0.3546875 0.2984375 0.159375 0.13125
7 0.3984375 0.203125 0.1375 0.096875
7 0.49375 0.1375 0.121875 0.09375
7 0.5875 0.1140625 0.08125 0.05625
7 0.503125 0.078125 0.203125 0.134375
7 0.6890625 0.159375 0.05 0.046875
7 0.76875 0.1375 0.071875 0.046875
7 0.721875 0.1953125 0.059375 0.053125
7 0.021875 0.4890625 0.04375 0.078125
7 0.2921875 0.6046875 0.11875 0.10625