7 0.46875 0.6390625 0.409375 0.359375
7 0.1828125 0.90625 0.221875 0.1875
7 0.11875 0.6375 0.2359375 0.2359375
7 0.7625 0.88125 0.203125 0.1734375
7 0.821875 0.61875 0.3546875 0.5125
7 0.9 0.271875 0.159375 0.221875
7 0.709375 0.28125 0.14375 0.115625
7 0.596875 0.225 0.246875 0.175
7 0.7609375 0.109375 0.1203125 0.10625
7 0.13125 0.471875 0.0765625 0.05625
7 0.0375 0.4765625 0.075 0.05
7 0.125 0.328125 0.0875 0.0609375
7 0.103125 0.30625 0.1015625 0.05625
7 0.2296875 0.4109375 0.078125 0.06875
7 0.2234375 0.35625 0.0625 0.046875
7 0.328125 0.3640625 0.090625 0.078125
7 0.4421875 0.415625 0.08125 0.0640625
7 0.546875 0.3875 0.0953125 0.0921875
7 0.453125 0.3359375 0.0765625 0.0453125
7 0.3875 0.278125 0.1453125 0.109375
7 0.446875 0.190625 0.128125 0.078125
7 0.55 0.140625 0.1109375 0.078125
7 0.646875 0.1328125 0.0734375 0.046875
7 0.56875 0.084375 0.1890625 0.10625
7 0.740625 0.19375 0.0453125 0.040625
7 0.821875 0.184375 0.065625 0.0375
7 0.7671875 0.234375 0.0515625 0.046875
7 0.0234375 0.415625 0.046875 0.0703125
7 0.278125 0.5703125 0.1046875 0.090625