7 0.428125 0.7328125 0.2375 0.165625
7 0.6671875 0.8484375 0.171875 0.159375
7 0.5890625 0.6515625 0.14375 0.109375
7 0.43125 0.61875 0.1375 0.090625
7 0.546875 0.571875 0.090625 0.05625
7 0.7296875 0.5234375 0.103125 0.071875
7 0.93125 0.48125 0.1375 0.225
7 0.840625 0.3421875 0.15625 0.14375
7 0.6296875 0.478125 0.18125 0.1125
7 0.51875 0.434375 0.078125 0.05625
7 0.4125 0.509375 0.115625 0.05
7 0.515625 0.3859375 0.065625 0.04375
7 0.0875 0.66875 0.159375 0.109375
7 0.1671875 0.5671875 0.1875 0.11875
7 0.2546875 0.4796875 0.1 0.04375
7 0.30625 0.44375 0.0875 0.053125
7 0.2625 0.4109375 0.15 0.078125
7 0.396875 0.35 0.159375 0.103125
7 0.5515625 0.334375 0.1625 0.071875