7 0.384375 0.7140625 0.2375 0.1671875
7 0.596875 0.8734375 0.171875 0.159375
7 0.55625 0.665625 0.1421875 0.109375
7 0.4109375 0.603125 0.1375 0.090625
7 0.534375 0.578125 0.0890625 0.05625
7 0.7203125 0.5671875 0.1015625 0.0703125
7 0.9296875 0.56875 0.140625 0.2234375
7 0.8640625 0.409375 0.1578125 0.1453125
7 0.63125 0.503125 0.1796875 0.1140625
7 0.53125 0.4390625 0.078125 0.0578125
7 0.4125 0.49375 0.1140625 0.0515625
7 0.5375 0.390625 0.065625 0.0453125
7 0.071875 0.5875 0.14375 0.1140625
7 0.159375 0.5 0.1859375 0.121875
7 0.2625 0.4328125 0.0984375 0.04375
7 0.3203125 0.40625 0.0875 0.053125
7 0.284375 0.3671875 0.1484375 0.0796875
7 0.428125 0.334375 0.1578125 0.1046875
7 0.58125 0.346875 0.1609375 0.075