7 0.4078125 0.725 0.2265625 0.1453125
7 0.6359375 0.8609375 0.159375 0.146875
7 0.575 0.659375 0.1359375 0.096875
7 0.421875 0.6125 0.13125 0.0796875
7 0.540625 0.575 0.0859375 0.0484375
7 0.7265625 0.54375 0.096875 0.0625
7 0.9359375 0.5203125 0.128125 0.215625
7 0.853125 0.371875 0.146875 0.13125
7 0.63125 0.4890625 0.1734375 0.096875
7 0.525 0.4359375 0.0734375 0.0515625
7 0.4125 0.5015625 0.1125 0.040625
7 0.525 0.3875 0.0625 0.0390625
7 0.075 0.6328125 0.15 0.096875
7 0.1625 0.5375 0.178125 0.1046875
7 0.2578125 0.4578125 0.096875 0.034375
7 0.3125 0.4265625 0.084375 0.0453125
7 0.271875 0.390625 0.14375 0.065625
7 0.4109375 0.3421875 0.1515625 0.0890625
7 0.565625 0.3390625 0.1578125 0.059375