7 0.365625 0.703125 0.25 0.1875
7 0.5640625 0.8796875 0.184375 0.175
7 0.5421875 0.6703125 0.15 0.121875
7 0.4015625 0.5953125 0.14375 0.103125
7 0.528125 0.58125 0.09375 0.0625
7 0.7140625 0.5859375 0.10625 0.078125
7 0.9203125 0.6046875 0.159375 0.234375
7 0.8703125 0.4421875 0.16875 0.159375
7 0.63125 0.5140625 0.1875 0.128125
7 0.5359375 0.4421875 0.084375 0.065625
7 0.4140625 0.4859375 0.11875 0.0625
7 0.546875 0.39375 0.06875 0.05
7 0.0703125 0.55 0.140625 0.125
7 0.1609375 0.4703125 0.196875 0.1375
7 0.26875 0.4125 0.103125 0.053125
7 0.3296875 0.390625 0.090625 0.059375
7 0.296875 0.3484375 0.15625 0.09375
7 0.4421875 0.328125 0.165625 0.11875
7 0.59375 0.3546875 0.165625 0.0875