7 0.6234375 0.9578125 0.190625 0.084375
7 0.5375 0.803125 0.19375 0.1515625
7 0.69375 0.69375 0.30625 0.1921875
7 0.4609375 0.584375 0.2328125 0.1609375
7 0.60625 0.53125 0.2171875 0.115625
7 0.259375 0.4734375 0.1484375 0.0734375
7 0.30625 0.28125 0.078125 0.0703125
7 0.409375 0.353125 0.0984375 0.071875
7 0.546875 0.440625 0.078125 0.05625
7 0.409375 0.4625 0.1796875 0.084375
7 0.7125 0.44375 0.16875 0.084375
7 0.74375 0.51875 0.08125 0.0359375
7 0.51875 0.315625 0.1125 0.075
7 0.5625 0.2859375 0.0640625 0.0453125
7 0.696875 0.325 0.0703125 0.034375
7 0.6171875 0.365625 0.0875 0.040625