7 0.7234375 0.9328125 0.209375 0.134375
7 0.6 0.7875 0.2125 0.178125
7 0.73125 0.6484375 0.33125 0.234375
7 0.4796875 0.5921875 0.253125 0.19375
7 0.6109375 0.5078125 0.23125 0.14375
7 0.259375 0.5234375 0.15625 0.09375
7 0.265625 0.325 0.0875 0.08125
7 0.38125 0.3734375 0.10625 0.084375
7 0.5328125 0.4328125 0.084375 0.065625
7 0.403125 0.48125 0.190625 0.109375
7 0.6953125 0.4015625 0.178125 0.10625
7 0.7421875 0.46875 0.084375 0.046875
7 0.478125 0.315625 0.121875 0.090625
7 0.515625 0.278125 0.071875 0.05625
7 0.6578125 0.2875 0.075 0.04375
7 0.5875 0.3453125 0.09375 0.053125