7 0.84375 0.8609375 0.20625 0.153125
7 0.678125 0.746875 0.209375 0.175
7 0.7640625 0.5765625 0.328125 0.228125
7 0.5078125 0.59375 0.253125 0.190625
7 0.6078125 0.475 0.228125 0.140625
7 0.2765625 0.5921875 0.15625 0.090625
7 0.225 0.4 0.0875 0.08125
7 0.35 0.4140625 0.10625 0.084375
7 0.5109375 0.425 0.084375 0.065625
7 0.4015625 0.5109375 0.1875 0.10625
7 0.6578125 0.3484375 0.178125 0.103125
7 0.721875 0.4 0.084375 0.046875
7 0.425 0.3296875 0.121875 0.0875
7 0.45 0.284375 0.06875 0.053125
7 0.5890625 0.25 0.075 0.04375
7 0.5375 0.325 0.09375 0.05