7 0.76875 0.9203125 0.1875 0.1203125
7 0.628125 0.7765625 0.1875 0.140625
7 0.7453125 0.625 0.3 0.1734375
7 0.4890625 0.59375 0.228125 0.1484375
7 0.6109375 0.496875 0.2140625 0.1015625
7 0.2625 0.5484375 0.146875 0.0640625
7 0.2484375 0.35 0.075 0.0671875
7 0.36875 0.3875 0.0953125 0.0671875
7 0.525 0.428125 0.0765625 0.0515625
7 0.4015625 0.4921875 0.178125 0.0734375
7 0.684375 0.38125 0.165625 0.0734375
7 0.7375 0.44375 0.08125 0.03125
7 0.459375 0.31875 0.109375 0.06875
7 0.4921875 0.278125 0.0625 0.0421875
7 0.634375 0.271875 0.0703125 0.0296875
7 0.5703125 0.3359375 0.0875 0.034375