7 0.790625 0.90625 0.190625 0.1296875
7 0.64375 0.76875 0.1921875 0.15
7 0.7515625 0.6109375 0.3046875 0.1875
7 0.49375 0.59375 0.2328125 0.1578125
7 0.6109375 0.490625 0.215625 0.1125
7 0.265625 0.5609375 0.146875 0.071875
7 0.240625 0.3640625 0.0765625 0.06875
7 0.3625 0.39375 0.096875 0.0703125
7 0.521875 0.428125 0.078125 0.0546875
7 0.4015625 0.496875 0.1796875 0.08125
7 0.678125 0.371875 0.1671875 0.08125
7 0.734375 0.43125 0.08125 0.034375
7 0.45 0.321875 0.1125 0.0734375
7 0.48125 0.278125 0.0640625 0.0453125
7 0.621875 0.265625 0.0703125 0.0328125
7 0.5625 0.3328125 0.0875 0.0390625