7 0.6140625 0.9578125 0.190625 0.084375
7 0.5328125 0.803125 0.196875 0.15625
7 0.690625 0.696875 0.309375 0.196875
7 0.459375 0.584375 0.234375 0.165625
7 0.60625 0.5328125 0.21875 0.11875
7 0.259375 0.46875 0.15 0.075
7 0.309375 0.278125 0.078125 0.071875
7 0.4125 0.3515625 0.1 0.075
7 0.5484375 0.4421875 0.078125 0.05625
7 0.409375 0.4609375 0.18125 0.0875
7 0.7140625 0.446875 0.16875 0.0875
7 0.74375 0.5234375 0.08125 0.0375
7 0.521875 0.315625 0.1125 0.078125
7 0.565625 0.2875 0.065625 0.046875
7 0.7 0.328125 0.071875 0.034375
7 0.61875 0.3671875 0.0875 0.040625