7 0.078125 0.8625 0.11875 0.190625
7 0.0625 0.38125 0.125 0.54375
7 0.4828125 0.28125 0.225 0.275
7 0.76875 0.225 0.096875 0.096875
7 0.8671875 0.2109375 0.128125 0.14375
7 0.78125 0.640625 0.35 0.15625
7 0.759375 0.565625 0.109375 0.084375
7 0.8328125 0.5484375 0.065625 0.08125
7 0.88125 0.3375 0.040625 0.053125
7 0.8953125 0.403125 0.04375 0.040625
7 0.9265625 0.4984375 0.034375 0.05
7 0.89375 0.5203125 0.06875 0.040625
7 0.75 0.7671875 0.453125 0.290625
7 0.5546875 0.5234375 0.059375 0.05625
7 0.5078125 0.590625 0.175 0.103125
7 0.3734375 0.809375 0.1 0.121875
7 0.3984375 0.6984375 0.090625 0.109375
7 0.2984375 0.4015625 0.0875 0.096875
7 0.2203125 0.3484375 0.05625 0.06875
7 0.1703125 0.3875 0.0375 0.040625
7 0.6734375 0.475 0.078125 0.09375
7 0.7640625 0.378125 0.05625 0.084375