7 0.040625 0.784375 0.08125 0.1953125
7 0.08125 0.303125 0.1609375 0.5390625
7 0.521875 0.28125 0.23125 0.2765625
7 0.8125 0.275 0.1 0.0984375
7 0.9109375 0.2796875 0.13125 0.146875
7 0.7515625 0.6875 0.3484375 0.1671875
7 0.74375 0.6125 0.109375 0.0875
7 0.81875 0.60625 0.065625 0.08125
7 0.9046875 0.40625 0.040625 0.053125
7 0.90625 0.475 0.0453125 0.040625
7 0.9203125 0.5734375 0.0359375 0.0484375
7 0.884375 0.5890625 0.06875 0.0421875
7 0.7 0.80625 0.453125 0.303125
7 0.55 0.53125 0.059375 0.0578125
7 0.4921875 0.590625 0.175 0.1078125
7 0.321875 0.78125 0.1015625 0.1234375
7 0.365625 0.678125 0.0921875 0.1109375
7 0.31875 0.36875 0.0890625 0.0984375
7 0.25 0.303125 0.05625 0.06875
7 0.196875 0.33125 0.0375 0.0421875
7 0.675 0.50625 0.0796875 0.09375
7 0.78125 0.425 0.0578125 0.0828125