7 0.053125 0.8328125 0.10625 0.184375
7 0.059375 0.35 0.1171875 0.5375
7 0.4984375 0.28125 0.2078125 0.2609375
7 0.7875 0.24375 0.0921875 0.090625
7 0.8859375 0.2375 0.1203125 0.1359375
7 0.7703125 0.659375 0.340625 0.134375
7 0.7546875 0.584375 0.103125 0.078125
7 0.828125 0.571875 0.059375 0.0765625
7 0.8921875 0.3640625 0.0375 0.05
7 0.9015625 0.43125 0.0421875 0.0375
7 0.925 0.528125 0.03125 0.046875
7 0.890625 0.5484375 0.065625 0.0359375
7 0.73125 0.784375 0.434375 0.2625
7 0.553125 0.5265625 0.0546875 0.053125
7 0.5015625 0.590625 0.16875 0.0921875
7 0.3515625 0.8 0.090625 0.1171875
7 0.384375 0.690625 0.0828125 0.1046875
7 0.30625 0.3875 0.08125 0.0921875
7 0.23125 0.3296875 0.0515625 0.0640625
7 0.1796875 0.3640625 0.034375 0.0390625
7 0.675 0.4875 0.071875 0.0890625
7 0.771875 0.396875 0.05 0.0796875