7 0.025 0.6828125 0.05 0.209375
7 0.1328125 0.25 0.265625 0.5
7 0.5671875 0.290625 0.284375 0.31875
7 0.853125 0.3453125 0.11875 0.115625
7 0.934375 0.3703125 0.13125 0.171875
7 0.7078125 0.7359375 0.375 0.2375
7 0.715625 0.6609375 0.125 0.109375
7 0.7890625 0.6703125 0.08125 0.09375
7 0.915625 0.4921875 0.05 0.059375
7 0.903125 0.559375 0.053125 0.05
7 0.8953125 0.659375 0.04375 0.05625
7 0.8578125 0.6671875 0.075 0.05625
7 0.63125 0.821875 0.50625 0.35625
7 0.5421875 0.540625 0.06875 0.06875
7 0.4734375 0.5875 0.19375 0.140625
7 0.2671875 0.7375 0.125 0.140625
7 0.33125 0.646875 0.1125 0.128125
7 0.35 0.334375 0.10625 0.115625
7 0.296875 0.2546875 0.06875 0.078125
7 0.2390625 0.271875 0.046875 0.05
7 0.6703125 0.5421875 0.096875 0.109375
7 0.790625 0.484375 0.075 0.09375