7 0.4515625 0.8171875 0.484375 0.365625
7 0.5546875 0.521875 0.24375 0.190625
7 0.6609375 0.4671875 0.19375 0.121875
7 0.5828125 0.3984375 0.15625 0.115625
7 0.4265625 0.4125 0.115625 0.0875
7 0.4453125 0.35625 0.1 0.075
7 0.415625 0.3171875 0.10625 0.103125
7 0.6078125 0.3609375 0.06875 0.065625
7 0.6453125 0.34375 0.103125 0.06875
7 0.7015625 0.3953125 0.11875 0.078125
7 0.6859375 0.29375 0.065625 0.046875
7 0.6265625 0.303125 0.096875 0.1
7 0.53125 0.33125 0.090625 0.08125
7 0.084375 0.66875 0.16875 0.41875