7 0.4703125 0.825 0.465625 0.35
7 0.55625 0.51875 0.234375 0.178125
7 0.659375 0.459375 0.1875 0.1109375
7 0.578125 0.39375 0.1515625 0.1078125
7 0.421875 0.4171875 0.1109375 0.08125
7 0.4375 0.359375 0.096875 0.0703125
7 0.40625 0.321875 0.1 0.096875
7 0.6 0.35625 0.0671875 0.0609375
7 0.6375 0.3359375 0.1 0.0640625
7 0.6953125 0.384375 0.115625 0.071875
7 0.675 0.284375 0.0625 0.04375
7 0.615625 0.296875 0.090625 0.0953125
7 0.521875 0.3296875 0.0875 0.0765625
7 0.084375 0.690625 0.1671875 0.4109375