7 0.5921875 0.8359375 0.415625 0.328125
7 0.559375 0.5 0.2171875 0.1390625
7 0.6359375 0.4078125 0.18125 0.0765625
7 0.5375 0.371875 0.1421875 0.0828125
7 0.396875 0.45 0.103125 0.0625
7 0.39375 0.3890625 0.090625 0.053125
7 0.35 0.365625 0.0875 0.0828125
7 0.54375 0.33125 0.059375 0.0515625
7 0.571875 0.3 0.0953125 0.046875
7 0.64375 0.325 0.109375 0.0515625
7 0.590625 0.2375 0.059375 0.0328125
7 0.540625 0.26875 0.0765625 0.084375
7 0.4625 0.3328125 0.078125 0.0640625
7 0.1171875 0.8234375 0.215625 0.353125