7 0.609375 0.828125 0.43125 0.34375
7 0.559375 0.496875 0.225 0.15
7 0.63125 0.4015625 0.184375 0.0875
7 0.53125 0.3703125 0.146875 0.090625
7 0.39375 0.4546875 0.10625 0.06875
7 0.3875 0.3953125 0.09375 0.05625
7 0.34375 0.3734375 0.090625 0.0875
7 0.534375 0.3296875 0.0625 0.053125
7 0.5609375 0.296875 0.096875 0.053125
7 0.634375 0.3171875 0.1125 0.05625
7 0.5765625 0.2328125 0.0625 0.034375
7 0.528125 0.2671875 0.08125 0.0875
7 0.453125 0.334375 0.08125 0.06875
7 0.1328125 0.83125 0.234375 0.3375