7 0.4828125 0.8265625 0.459375 0.346875
7 0.55625 0.51875 0.2328125 0.171875
7 0.6578125 0.453125 0.1875 0.10625
7 0.575 0.390625 0.1515625 0.103125
7 0.41875 0.4203125 0.1109375 0.078125
7 0.434375 0.3625 0.096875 0.0671875
7 0.4 0.325 0.0984375 0.0953125
7 0.59375 0.353125 0.065625 0.059375
7 0.63125 0.33125 0.1 0.0609375
7 0.690625 0.378125 0.1140625 0.06875
7 0.665625 0.278125 0.0625 0.0421875
7 0.609375 0.29375 0.0890625 0.09375
7 0.515625 0.328125 0.0875 0.075
7 0.084375 0.70625 0.16875 0.4078125