7 0.640625 0.8625 0.2625 0.25
7 0.8140625 0.6359375 0.184375 0.184375
7 0.990625 0.55 0.01875 0.1
7 0.825 0.4265625 0.24375 0.16875
7 0.8015625 0.3203125 0.178125 0.13125
7 0.621875 0.253125 0.14375 0.103125
7 0.509375 0.4671875 0.140625 0.115625
7 0.54375 0.5546875 0.096875 0.090625
7 0.3609375 0.5765625 0.171875 0.140625
7 0.41875 0.3890625 0.059375 0.046875
7 0.3578125 0.359375 0.071875 0.05625
7 0.3609375 0.328125 0.115625 0.075
7 0.259375 0.328125 0.078125 0.065625
7 0.209375 0.3 0.090625 0.059375
7 0.3328125 0.2109375 0.246875 0.11875
7 0.446875 0.2140625 0.084375 0.059375
7 0.165625 0.2484375 0.06875 0.04375
7 0.153125 0.2203125 0.09375 0.05625
7 0.2703125 0.165625 0.071875 0.05625