7 0.534375 0.8875 0.2109375 0.196875
7 0.765625 0.71875 0.146875 0.146875
7 0.98125 0.690625 0.0375 0.0953125
7 0.83125 0.5203125 0.2140625 0.1109375
7 0.8390625 0.4109375 0.1546875 0.090625
7 0.6859375 0.296875 0.128125 0.06875
7 0.51875 0.471875 0.11875 0.0828125
7 0.5265625 0.565625 0.078125 0.0703125
7 0.34375 0.534375 0.1453125 0.103125
7 0.453125 0.371875 0.0515625 0.034375
7 0.403125 0.325 0.0640625 0.0390625
7 0.415625 0.296875 0.1046875 0.0484375
7 0.315625 0.26875 0.065625 0.0484375
7 0.2765625 0.228125 0.0828125 0.0375
7 0.41875 0.1765625 0.234375 0.0546875
7 0.528125 0.2109375 0.0765625 0.0390625
7 0.2484375 0.165625 0.0625 0.028125
7 0.24375 0.134375 0.0828125 0.0359375
7 0.371875 0.115625 0.0640625 0.0390625