7 0.5 0.8890625 0.228125 0.215625
7 0.7453125 0.740625 0.159375 0.159375
7 0.9625 0.73125 0.046875 0.096875
7 0.828125 0.5484375 0.221875 0.128125
7 0.8453125 0.440625 0.1625 0.103125
7 0.703125 0.3140625 0.134375 0.078125
7 0.521875 0.4734375 0.125 0.09375
7 0.5203125 0.5671875 0.084375 0.078125
7 0.340625 0.5203125 0.153125 0.115625
7 0.4640625 0.36875 0.053125 0.0375
7 0.41875 0.3171875 0.06875 0.04375
7 0.434375 0.290625 0.109375 0.05625
7 0.3359375 0.253125 0.06875 0.053125
7 0.3015625 0.209375 0.084375 0.04375
7 0.446875 0.1703125 0.2375 0.075
7 0.553125 0.2140625 0.078125 0.046875
7 0.278125 0.1453125 0.065625 0.034375
7 0.2765625 0.1140625 0.084375 0.04375
7 0.40625 0.10625 0.06875 0.04375