7 0.56875 0.8828125 0.225 0.2125
7 0.7828125 0.69375 0.1578125 0.1578125
7 0.9859375 0.6453125 0.028125 0.096875
7 0.8328125 0.490625 0.221875 0.128125
7 0.8296875 0.38125 0.1609375 0.103125
7 0.6671875 0.28125 0.1328125 0.078125
7 0.515625 0.4703125 0.125 0.0921875
7 0.5328125 0.5625 0.0828125 0.0765625
7 0.3484375 0.5484375 0.1515625 0.1140625
7 0.4421875 0.375 0.053125 0.0375
7 0.3875 0.334375 0.065625 0.04375
7 0.396875 0.3046875 0.1078125 0.05625
7 0.296875 0.2859375 0.0703125 0.053125
7 0.253125 0.2484375 0.084375 0.04375
7 0.390625 0.184375 0.2359375 0.075
7 0.503125 0.209375 0.078125 0.0453125
7 0.2203125 0.1890625 0.0640625 0.0328125
7 0.2125 0.159375 0.0859375 0.0421875
7 0.3390625 0.128125 0.065625 0.04375