7 0.259375 0.76875 0.246875 0.4140625
7 0.55625 0.778125 0.1734375 0.2140625
7 0.7953125 0.90625 0.259375 0.1859375
7 0.7609375 0.734375 0.1109375 0.15625
7 0.921875 0.71875 0.0953125 0.1046875
7 0.70625 0.6 0.1296875 0.13125
7 0.18125 0.315625 0.3390625 0.271875
7 0.0828125 0.603125 0.165625 0.2015625
7 0.365625 0.534375 0.1515625 0.1734375
7 0.659375 0.4125 0.08125 0.071875
7 0.671875 0.465625 0.06875 0.05625
7 0.55 0.5328125 0.125 0.1421875
7 0.396875 0.396875 0.14375 0.1171875
7 0.509375 0.40625 0.090625 0.078125