7 0.2921875 0.7875 0.296875 0.425
7 0.5890625 0.76875 0.196875 0.234375
7 0.8421875 0.8671875 0.28125 0.215625
7 0.7875 0.7015625 0.128125 0.16875
7 0.9453125 0.665625 0.10625 0.115625
7 0.7171875 0.5734375 0.14375 0.146875
7 0.171875 0.35625 0.34375 0.3125
7 0.0984375 0.653125 0.1875 0.21875
7 0.3703125 0.55 0.171875 0.190625
7 0.646875 0.39375 0.090625 0.08125
7 0.665625 0.4453125 0.075 0.065625
7 0.553125 0.5265625 0.140625 0.15625
7 0.384375 0.4109375 0.15625 0.134375
7 0.4984375 0.40625 0.1 0.0875