7 0.225 0.7328125 0.29375 0.425
7 0.515625 0.784375 0.1953125 0.2265625
7 0.73125 0.9203125 0.2828125 0.159375
7 0.725 0.76875 0.128125 0.1640625
7 0.8875 0.775 0.1046875 0.1125
7 0.690625 0.6265625 0.140625 0.1421875
7 0.209375 0.275 0.359375 0.3046875
7 0.08125 0.540625 0.1625 0.21875
7 0.3625 0.515625 0.16875 0.184375
7 0.6703125 0.4359375 0.0875 0.0796875
7 0.675 0.490625 0.071875 0.0625
7 0.5453125 0.5390625 0.1390625 0.1515625
7 0.4125 0.384375 0.153125 0.13125
7 0.521875 0.4078125 0.096875 0.0859375