7 0.4390625 0.6171875 0.209375 0.225
7 0.746875 0.5984375 0.50625 0.328125
7 0.6171875 0.790625 0.065625 0.06875
7 0.8984375 0.346875 0.040625 0.059375
7 0.4328125 0.4015625 0.134375 0.06875
7 0.415625 0.484375 0.11875 0.0875
7 0.4921875 0.50625 0.059375 0.06875
7 0.3484375 0.5125 0.09375 0.06875
7 0.2359375 0.5828125 0.178125 0.159375
7 0.1984375 0.7328125 0.121875 0.125
7 0.271875 0.7234375 0.04375 0.05625
7 0.3375 0.7375 0.046875 0.046875
7 0.059375 0.6734375 0.1 0.146875
7 0.0953125 0.5625 0.115625 0.109375
7 0.040625 0.7984375 0.021875 0.05
7 0.5515625 0.7953125 0.08125 0.0875