7 0.428125 0.6125 0.178125 0.1984375
7 0.7515625 0.621875 0.496875 0.253125
7 0.5921875 0.8 0.0578125 0.059375
7 0.909375 0.38125 0.0328125 0.053125
7 0.4421875 0.396875 0.128125 0.0484375
7 0.41875 0.478125 0.109375 0.071875
7 0.4921875 0.50625 0.05 0.0625
7 0.3484375 0.4984375 0.0859375 0.0546875
7 0.2296875 0.559375 0.15625 0.1359375
7 0.178125 0.70625 0.10625 0.1109375
7 0.253125 0.703125 0.0359375 0.0515625
7 0.31875 0.721875 0.040625 0.040625
7 0.04375 0.634375 0.0859375 0.1359375
7 0.090625 0.528125 0.1 0.0953125
7 0.0125 0.75625 0.0234375 0.0484375
7 0.528125 0.7984375 0.071875 0.078125