7 0.425 0.609375 0.184375 0.2046875
7 0.746875 0.63125 0.5046875 0.26875
7 0.58125 0.803125 0.059375 0.0609375
7 0.9140625 0.396875 0.034375 0.0546875
7 0.4453125 0.39375 0.1296875 0.053125
7 0.41875 0.475 0.1109375 0.075
7 0.4921875 0.5046875 0.0515625 0.0640625
7 0.3484375 0.49375 0.0875 0.0578125
7 0.228125 0.55 0.1609375 0.140625
7 0.171875 0.69375 0.109375 0.1140625
7 0.246875 0.69375 0.0375 0.0515625
7 0.309375 0.715625 0.0421875 0.0421875
7 0.0421875 0.61875 0.084375 0.1390625
7 0.090625 0.5125 0.103125 0.0984375
7 0.0078125 0.740625 0.015625 0.05
7 0.515625 0.8 0.0734375 0.0796875