7 0.4171875 0.6046875 0.196875 0.215625
7 0.7375 0.646875 0.521875 0.303125
7 0.5609375 0.8078125 0.0625 0.065625
7 0.9203125 0.425 0.0375 0.05625
7 0.453125 0.390625 0.13125 0.0625
7 0.421875 0.4703125 0.115625 0.084375
7 0.4921875 0.5046875 0.05625 0.06875
7 0.35 0.4828125 0.090625 0.0625
7 0.225 0.53125 0.16875 0.15
7 0.1578125 0.671875 0.11875 0.121875
7 0.2328125 0.6765625 0.040625 0.05625
7 0.296875 0.7015625 0.04375 0.04375
7 0.040625 0.584375 0.08125 0.14375
7 0.090625 0.4859375 0.109375 0.10625
7 0.496875 0.8 0.078125 0.084375