7 0.1140625 0.6265625 0.15 0.18125
7 0.21875 0.7734375 0.1375 0.178125
7 0.2203125 0.9328125 0.121875 0.125
7 0.1359375 0.778125 0.05 0.06875
7 0.24375 0.634375 0.1625 0.215625
7 0.3703125 0.65 0.075 0.09375
7 0.4203125 0.74375 0.1 0.140625
7 0.440625 0.8625 0.096875 0.121875
7 0.575 0.771875 0.4375 0.45625
7 0.3515625 0.4921875 0.14375 0.178125
7 0.43125 0.4234375 0.1625 0.18125
7 0.478125 0.6265625 0.075 0.096875
7 0.521875 0.5515625 0.121875 0.16875
7 0.5703125 0.4375 0.071875 0.090625
7 0.60625 0.5 0.0625 0.06875
7 0.6390625 0.36875 0.20625 0.234375
7 0.6734375 0.509375 0.10625 0.134375
7 0.81875 0.56875 0.184375 0.215625
7 0.803125 0.23125 0.2 0.228125
7 0.89375 0.225 0.103125 0.140625
7 0.746875 0.0875 0.08125 0.109375
7 0.8671875 0.3703125 0.096875 0.096875
7 0.9328125 0.3578125 0.125 0.13125
7 0.9296875 0.4921875 0.140625 0.246875
7 0.8515625 0.4625 0.096875 0.096875
7 0.790625 0.403125 0.0625 0.08125
7 0.384375 0.2015625 0.76875 0.403125