7 0.09375 0.4875 0.1375 0.175
7 0.1421875 0.6609375 0.125 0.171875
7 0.0875 0.8109375 0.1125 0.11875
7 0.0609375 0.6359375 0.04375 0.06875
7 0.2140625 0.5375 0.146875 0.2125
7 0.3265625 0.5984375 0.06875 0.09375
7 0.34375 0.7015625 0.090625 0.1375
7 0.321875 0.821875 0.0875 0.11875
7 0.478125 0.78125 0.4125 0.4375
7 0.3640625 0.440625 0.134375 0.175
7 0.4609375 0.4046875 0.15 0.171875
7 0.4359375 0.6125 0.06875 0.096875
7 0.503125 0.55625 0.10625 0.165625
7 0.5875 0.465625 0.065625 0.0875
7 0.6015625 0.5375 0.059375 0.065625
7 0.6765625 0.4234375 0.19375 0.228125
7 0.6578125 0.5703125 0.1 0.13125
7 0.775 0.671875 0.171875 0.20625
7 0.8765625 0.3515625 0.184375 0.221875
7 0.959375 0.378125 0.08125 0.1375
7 0.871875 0.196875 0.075 0.10625
7 0.8875 0.503125 0.09375 0.09375
7 0.946875 0.5140625 0.10625 0.128125
7 0.9234375 0.646875 0.153125 0.24375
7 0.8421875 0.5859375 0.09375 0.09375
7 0.8078125 0.509375 0.05625 0.078125
7 0.4609375 0.1625 0.865625 0.325