7 0.0953125 0.5375 0.1171875 0.1625
7 0.1640625 0.703125 0.1046875 0.1609375
7 0.128125 0.859375 0.1015625 0.1078125
7 0.08125 0.6890625 0.0375 0.0640625
7 0.2203125 0.571875 0.1234375 0.1984375
7 0.340625 0.61875 0.0578125 0.0859375
7 0.36875 0.71875 0.0765625 0.1296875
7 0.3625 0.840625 0.075 0.1109375
7 0.5125 0.7828125 0.3671875 0.3953125
7 0.3578125 0.4578125 0.1140625 0.1625
7 0.45 0.409375 0.13125 0.1578125
7 0.45 0.61875 0.0578125 0.0890625
7 0.509375 0.55625 0.0890625 0.15625
7 0.5828125 0.4546875 0.05625 0.08125
7 0.6046875 0.525 0.0515625 0.0609375
7 0.665625 0.403125 0.16875 0.2078125
7 0.665625 0.55 0.084375 0.121875
7 0.79375 0.6375 0.15 0.190625
7 0.85625 0.30625 0.1609375 0.203125
7 0.946875 0.321875 0.0796875 0.128125
7 0.8328125 0.153125 0.0625 0.1
7 0.884375 0.45625 0.0828125 0.0828125
7 0.95 0.459375 0.0984375 0.115625
7 0.9375 0.59375 0.125 0.2296875
7 0.85 0.54375 0.0828125 0.0828125
7 0.80625 0.471875 0.0484375 0.0734375
7 0.41875 0.1421875 0.8375 0.284375