7 0.10625 0.6 0.1375 0.171875
7 0.2 0.753125 0.125 0.16875
7 0.190625 0.9125 0.1125 0.1171875
7 0.1171875 0.7515625 0.0453125 0.065625
7 0.234375 0.615625 0.1484375 0.20625
7 0.3609375 0.640625 0.06875 0.090625
7 0.403125 0.7375 0.0921875 0.134375
7 0.415625 0.8578125 0.0875 0.115625
7 0.55625 0.778125 0.409375 0.43125
7 0.353125 0.48125 0.1328125 0.1703125
7 0.4375 0.41875 0.15 0.1703125
7 0.46875 0.625 0.06875 0.0921875
7 0.51875 0.553125 0.109375 0.1609375
7 0.575 0.4421875 0.065625 0.0859375
7 0.60625 0.5078125 0.059375 0.065625
7 0.6484375 0.378125 0.1921875 0.221875
7 0.671875 0.521875 0.0984375 0.128125
7 0.8125 0.590625 0.171875 0.203125
7 0.821875 0.253125 0.184375 0.2171875
7 0.9125 0.253125 0.0953125 0.1328125
7 0.775 0.10625 0.075 0.103125
7 0.875 0.396875 0.090625 0.090625
7 0.9421875 0.3890625 0.115625 0.125
7 0.934375 0.5234375 0.1296875 0.2375
7 0.853125 0.4875 0.090625 0.090625
7 0.796875 0.4234375 0.0578125 0.0765625
7 0.3890625 0.184375 0.778125 0.36875