69 0.5859375 0.5828125 0.359375 0.834375
69 0.890625 0.6859375 0.21875 0.371875
69 0.9234375 0.3734375 0.153125 0.284375
69 0.25625 0.325 0.1125 0.103125
69 0.328125 0.384375 0.1 0.0875
69 0.340625 0.484375 0.0875 0.06875
69 0.196875 0.4765625 0.090625 0.075
69 0.159375 0.53125 0.06875 0.05625
69 0.184375 0.634375 0.0625 0.059375
69 0.128125 0.6125 0.046875 0.04375
69 0.071875 0.4390625 0.128125 0.19375
69 0.05625 0.525 0.06875 0.05625
69 0.125 0.20625 0.1625 0.084375
69 0.234375 0.109375 0.03125 0.0375
69 0.2921875 0.0609375 0.05 0.084375
69 0.153125 0.0453125 0.1 0.090625
69 0.3984375 0.10625 0.06875 0.1
69 0.38125 0.1671875 0.05625 0.08125
69 0.39375 0.2703125 0.171875 0.128125
69 0.5265625 0.184375 0.121875 0.1125
69 0.765625 0.09375 0.06875 0.1
69 0.8359375 0.0890625 0.05625 0.06875
69 0.9296875 0.19375 0.09375 0.109375
69 0.71875 0.025 0.075 0.05
69 0.603125 0.090625 0.1 0.0625
69 0.6234375 0.140625 0.059375 0.05
69 0.5609375 0.009375 0.071875 0.01875
69 0.4875 0.059375 0.1 0.075
69 0.396875 0.025 0.06875 0.05
69 0.090625 0.7703125 0.1125 0.103125
69 0.30625 0.9015625 0.246875 0.196875
69 0.81875 0.95 0.10625 0.1
69 0.8953125 0.815625 0.1125 0.1375
69 0.9078125 0.259375 0.1125 0.10625
69 0.796875 0.2625 0.084375 0.125