7 0.6125 0.85 0.328125 0.253125
7 0.66875 0.51875 0.25625 0.1546875
7 0.7671875 0.43125 0.1859375 0.096875
7 0.459375 0.4109375 0.1390625 0.0765625
7 0.4625 0.3609375 0.1125 0.0609375
7 0.4125 0.31875 0.0984375 0.071875
7 0.6546875 0.378125 0.1734375 0.0984375
7 0.8 0.353125 0.1375 0.0734375
7 0.7078125 0.31875 0.0859375 0.0421875
7 0.6921875 0.278125 0.14375 0.059375
7 0.7953125 0.25625 0.1578125 0.0625
7 0.4921875 0.275 0.0796875 0.0640625
7 0.546875 0.246875 0.10625 0.0578125
7 0.35 0.35625 0.0671875 0.065625