7 0.56875 0.8578125 0.35625 0.284375
7 0.665625 0.5390625 0.271875 0.184375
7 0.7734375 0.4640625 0.196875 0.11875
7 0.4703125 0.40625 0.146875 0.09375
7 0.4796875 0.3578125 0.11875 0.075
7 0.4359375 0.309375 0.10625 0.084375
7 0.66875 0.3984375 0.184375 0.11875
7 0.815625 0.390625 0.146875 0.090625
7 0.728125 0.3453125 0.090625 0.053125
7 0.7171875 0.303125 0.15 0.075
7 0.8234375 0.29375 0.165625 0.08125
7 0.5203125 0.275 0.0875 0.071875
7 0.578125 0.2546875 0.1125 0.071875
7 0.36875 0.3390625 0.075 0.071875