7 0.3578125 0.734375 0.390625 0.39375
7 0.7125 0.828125 0.44375 0.34375
7 0.8953125 0.5640625 0.209375 0.371875
7 0.771875 0.4984375 0.1875 0.2125
7 0.578125 0.528125 0.1125 0.121875
7 0.4765625 0.478125 0.090625 0.0875
7 0.096875 0.5203125 0.19375 0.278125
7 0.303125 0.346875 0.08125 0.065625
7 0.178125 0.35 0.1125 0.103125
7 0.0859375 0.2671875 0.103125 0.134375
7 0.4046875 0.3734375 0.125 0.10625
7 0.5234375 0.415625 0.06875 0.0625
7 0.540625 0.3421875 0.0625 0.053125
7 0.7140625 0.36875 0.25 0.16875
7 0.9203125 0.3546875 0.159375 0.171875
7 0.6140625 0.2484375 0.153125 0.11875
7 0.803125 0.30625 0.090625 0.084375
7 0.7875 0.2015625 0.175 0.115625
7 0.7296875 0.2484375 0.128125 0.084375
7 0.5046875 0.28125 0.096875 0.103125
7 0.321875 0.2796875 0.0625 0.05