7 0.3625 0.7375 0.384375 0.3859375
7 0.71875 0.828125 0.4390625 0.3421875
7 0.8984375 0.559375 0.203125 0.3671875
7 0.771875 0.49375 0.1828125 0.209375
7 0.578125 0.5265625 0.1109375 0.11875
7 0.4765625 0.478125 0.0890625 0.0859375
7 0.096875 0.528125 0.1921875 0.275
7 0.3 0.35 0.0796875 0.065625
7 0.175 0.35625 0.109375 0.1015625
7 0.08125 0.275 0.1015625 0.13125
7 0.403125 0.375 0.1234375 0.103125
7 0.521875 0.415625 0.06875 0.0625
7 0.5375 0.3421875 0.0609375 0.053125
7 0.7125 0.365625 0.2484375 0.165625
7 0.9203125 0.3484375 0.159375 0.16875
7 0.609375 0.246875 0.15 0.115625
7 0.8 0.3015625 0.0890625 0.084375
7 0.7828125 0.196875 0.1734375 0.1125
7 0.725 0.24375 0.1265625 0.08125
7 0.5015625 0.28125 0.0953125 0.1015625
7 0.31875 0.2828125 0.0625 0.05