7 0.4625 0.771875 0.334375 0.3359375
7 0.83125 0.7796875 0.3359375 0.409375
7 0.909375 0.396875 0.1796875 0.346875
7 0.75 0.39375 0.153125 0.1875
7 0.5828125 0.4953125 0.0953125 0.10625
7 0.46875 0.4875 0.078125 0.0734375
7 0.1125 0.6875 0.2015625 0.246875
7 0.2578125 0.4359375 0.0734375 0.053125
7 0.1453125 0.4875 0.096875 0.0859375
7 0.034375 0.4484375 0.06875 0.121875
7 0.3625 0.41875 0.1125 0.084375
7 0.4890625 0.4125 0.0625 0.053125
7 0.4765625 0.3390625 0.0546875 0.0453125
7 0.6453125 0.2953125 0.2359375 0.121875
7 0.834375 0.203125 0.1359375 0.1484375
7 0.50625 0.225 0.1390625 0.0921875
7 0.7046875 0.203125 0.078125 0.071875
7 0.65 0.1125 0.165625 0.08125
7 0.6125 0.178125 0.1203125 0.059375
7 0.41875 0.296875 0.08125 0.0890625
7 0.25 0.365625 0.05625 0.0390625