7 0.44375 0.76875 0.35625 0.359375
7 0.809375 0.7921875 0.3625 0.415625
7 0.90625 0.4234375 0.1875 0.359375
7 0.75625 0.4109375 0.165625 0.196875
7 0.5828125 0.5015625 0.103125 0.1125
7 0.4703125 0.4859375 0.084375 0.078125
7 0.1046875 0.6578125 0.209375 0.259375
7 0.2625 0.41875 0.078125 0.059375
7 0.146875 0.4625 0.103125 0.09375
7 0.0390625 0.415625 0.078125 0.125
7 0.36875 0.409375 0.11875 0.090625
7 0.4953125 0.4125 0.065625 0.05625
7 0.4875 0.3375 0.05625 0.05
7 0.659375 0.30625 0.24375 0.1375
7 0.8546875 0.2265625 0.146875 0.15625
7 0.525 0.2265625 0.14375 0.103125
7 0.725 0.21875 0.084375 0.078125
7 0.6765625 0.1234375 0.171875 0.09375
7 0.634375 0.1875 0.125 0.06875
7 0.4328125 0.2921875 0.0875 0.09375
7 0.259375 0.3484375 0.059375 0.04375