7 0.4703125 0.571875 0.184375 0.190625
7 0.7015625 0.7734375 0.596875 0.453125
7 0.659375 0.6375 0.2125 0.225
7 0.6703125 0.521875 0.128125 0.115625
7 0.8359375 0.44375 0.328125 0.29375
7 0.8671875 0.3515625 0.259375 0.25
7 0.7875 0.2140625 0.246875 0.153125
7 0.6359375 0.29375 0.28125 0.165625
7 0.575 0.396875 0.265625 0.184375
7 0.2953125 0.4359375 0.115625 0.096875
7 0.0796875 0.428125 0.159375 0.23125
7 0.1984375 0.503125 0.159375 0.128125
7 0.215625 0.65625 0.240625 0.290625
7 0.346875 0.8984375 0.24375 0.203125
7 0.184375 0.190625 0.36875 0.3375
7 0.5 0.225 0.128125 0.1125
7 0.515625 0.1546875 0.134375 0.09375
7 0.6578125 0.14375 0.11875 0.1125
7 0.753125 0.1015625 0.08125 0.06875
7 0.884375 0.146875 0.15 0.20625