7 0.44375 0.55 0.196875 0.2
7 0.5890625 0.7984375 0.690625 0.403125
7 0.5796875 0.69375 0.228125 0.2375
7 0.640625 0.596875 0.134375 0.125
7 0.825 0.60625 0.35 0.31875
7 0.878125 0.534375 0.24375 0.26875
7 0.8796875 0.375 0.240625 0.175
7 0.7140625 0.378125 0.28125 0.1875
7 0.6140625 0.440625 0.275 0.20625
7 0.346875 0.35 0.11875 0.10625
7 0.140625 0.240625 0.2125 0.24375
7 0.2296875 0.365625 0.16875 0.140625
7 0.175 0.509375 0.2625 0.303125
7 0.1703125 0.809375 0.2625 0.26875
7 0.3203125 0.125 0.465625 0.25
7 0.625 0.2546875 0.134375 0.121875
7 0.671875 0.2 0.1375 0.10625
7 0.8015625 0.253125 0.125 0.125
7 0.90625 0.2609375 0.084375 0.075
7 0.9609375 0.359375 0.078125 0.2125