7 0.4625 0.5671875 0.165625 0.1703125
7 0.6953125 0.8046875 0.609375 0.390625
7 0.640625 0.65625 0.1890625 0.203125
7 0.665625 0.5421875 0.115625 0.103125
7 0.8453125 0.4875 0.309375 0.2578125
7 0.8828125 0.396875 0.234375 0.2234375
7 0.8203125 0.2515625 0.234375 0.125
7 0.659375 0.3125 0.265625 0.1328125
7 0.5875 0.40625 0.25 0.1546875
7 0.3046875 0.4109375 0.10625 0.084375
7 0.0796875 0.378125 0.159375 0.2140625
7 0.2 0.465625 0.1484375 0.1109375
7 0.1984375 0.6203125 0.209375 0.2671875
7 0.296875 0.89375 0.2203125 0.2125
7 0.196875 0.1515625 0.3921875 0.290625
7 0.5328125 0.2265625 0.1171875 0.0984375
7 0.5578125 0.159375 0.125 0.078125
7 0.7 0.165625 0.1078125 0.1015625
7 0.8 0.1359375 0.0734375 0.059375
7 0.925 0.196875 0.1265625 0.19375