7 0.334375 0.584375 0.215625 0.2609375
7 0.45 0.9234375 0.19375 0.153125
7 0.6 0.6375 0.1859375 0.2390625
7 0.73125 0.571875 0.09375 0.0953125
7 0.490625 0.484375 0.11875 0.1171875
7 0.41875 0.328125 0.1015625 0.121875
7 0.509375 0.353125 0.096875 0.0984375
7 0.60625 0.4609375 0.1578125 0.128125
7 0.6171875 0.3625 0.0796875 0.075
7 0.7234375 0.4078125 0.053125 0.065625
7 0.759375 0.359375 0.0796875 0.0828125
7 0.7796875 0.275 0.0609375 0.0875
7 0.6859375 0.2640625 0.140625 0.0765625
7 0.5953125 0.221875 0.096875 0.0875
7 0.54375 0.1203125 0.075 0.0625
7 0.66875 0.190625 0.09375 0.0703125