7 0.35625 0.6171875 0.265625 0.3
7 0.5390625 0.9140625 0.221875 0.171875
7 0.6265625 0.6140625 0.23125 0.271875
7 0.740625 0.521875 0.1125 0.1125
7 0.4875 0.4859375 0.140625 0.140625
7 0.384375 0.3484375 0.125 0.140625
7 0.478125 0.3546875 0.115625 0.115625
7 0.5953125 0.4390625 0.18125 0.159375
7 0.5859375 0.340625 0.09375 0.090625
7 0.7 0.3640625 0.065625 0.075
7 0.725 0.3078125 0.09375 0.096875
7 0.7265625 0.221875 0.078125 0.096875
7 0.6328125 0.23125 0.153125 0.103125
7 0.5359375 0.2078125 0.1125 0.10625
7 0.4640625 0.11875 0.0875 0.078125
7 0.6 0.1625 0.10625 0.0875