7 0.528125 0.8 0.81875 0.4
7 0.578125 0.534375 0.484375 0.2734375
7 0.7359375 0.4640625 0.3125 0.1390625
7 0.7875 0.40625 0.2703125 0.1203125
7 0.55625 0.375 0.2671875 0.1234375
7 0.265625 0.359375 0.215625 0.0984375
7 0.2546875 0.303125 0.2109375 0.1
7 0.41875 0.3015625 0.115625 0.065625
7 0.63125 0.31875 0.2375 0.1640625
7 0.8359375 0.3203125 0.1640625 0.078125
7 0.11875 0.2796875 0.1234375 0.0703125
7 0.190625 0.2609375 0.1703125 0.1015625
7 0.4109375 0.23125 0.15 0.0859375
7 0.70625 0.2875 0.1203125 0.08125