7 0.5078125 0.784375 0.853125 0.43125
7 0.5765625 0.5390625 0.509375 0.309375
7 0.7375 0.4796875 0.325 0.1625
7 0.7921875 0.4265625 0.28125 0.140625
7 0.5640625 0.3796875 0.278125 0.14375
7 0.275 0.3453125 0.228125 0.1125
7 0.26875 0.2859375 0.221875 0.115625
7 0.434375 0.296875 0.121875 0.075
7 0.6421875 0.328125 0.253125 0.18125
7 0.846875 0.34375 0.171875 0.090625
7 0.1359375 0.253125 0.13125 0.078125
7 0.2078125 0.240625 0.18125 0.115625
7 0.43125 0.225 0.159375 0.096875
7 0.7203125 0.3 0.125 0.090625