7 0.553125 0.809375 0.809375 0.3796875
7 0.58125 0.528125 0.48125 0.2453125
7 0.7328125 0.446875 0.3125 0.1203125
7 0.7796875 0.3859375 0.2703125 0.103125
7 0.546875 0.371875 0.2671875 0.10625
7 0.25625 0.378125 0.2171875 0.084375
7 0.240625 0.3203125 0.2109375 0.0875
7 0.40625 0.3078125 0.1140625 0.059375
7 0.6171875 0.309375 0.234375 0.1515625
7 0.821875 0.296875 0.1640625 0.0671875
7 0.1046875 0.30625 0.1234375 0.0625
7 0.175 0.284375 0.16875 0.0921875
7 0.39375 0.2375 0.15 0.078125
7 0.690625 0.271875 0.1171875 0.075