7 0.2125 0.825 0.3734375 0.35
7 0.7390625 0.7234375 0.521875 0.546875
7 0.53125 0.453125 0.2578125 0.2015625
7 0.2265625 0.43125 0.265625 0.2078125
7 0.31875 0.5265625 0.16875 0.35
7 0.3625 0.234375 0.11875 0.109375
7 0.434375 0.265625 0.1390625 0.13125
7 0.7078125 0.325 0.2125 0.2
7 0.771875 0.228125 0.1546875 0.1984375
7 0.85 0.103125 0.196875 0.1609375
7 0.621875 0.103125 0.115625 0.0828125
7 0.640625 0.196875 0.1171875 0.1171875
7 0.515625 0.18125 0.0953125 0.0859375
7 0.8078125 0.046875 0.175 0.0921875