7 0.1625 0.7125 0.325 0.3859375
7 0.6765625 0.75 0.61875 0.4984375
7 0.5453125 0.465625 0.275 0.228125
7 0.2640625 0.3453125 0.2828125 0.234375
7 0.31875 0.465625 0.20625 0.359375
7 0.45625 0.2046875 0.128125 0.1203125
7 0.5140625 0.25625 0.1515625 0.14375
7 0.753125 0.4015625 0.2296875 0.2203125
7 0.84375 0.33125 0.1734375 0.2109375
7 0.9265625 0.2390625 0.146875 0.18125
7 0.74375 0.1625 0.121875 0.09375
7 0.7328125 0.259375 0.128125 0.128125
7 0.61875 0.203125 0.103125 0.09375
7 0.9234375 0.1640625 0.153125 0.121875