7 0.2484375 0.8296875 0.409375 0.340625
7 0.7359375 0.6953125 0.528125 0.596875
7 0.5265625 0.45 0.278125 0.228125
7 0.2203125 0.4609375 0.284375 0.234375
7 0.321875 0.5453125 0.203125 0.365625
7 0.3359375 0.25 0.128125 0.121875
7 0.4109375 0.2734375 0.153125 0.14375
7 0.6890625 0.3046875 0.23125 0.221875
7 0.7421875 0.2015625 0.175 0.2125
7 0.80625 0.0796875 0.2125 0.159375
7 0.5796875 0.0921875 0.125 0.09375
7 0.6078125 0.184375 0.128125 0.128125
7 0.4828125 0.18125 0.103125 0.096875
7 0.7578125 0.0359375 0.184375 0.071875