7 0.171875 0.7734375 0.34375 0.334375
7 0.7234375 0.7515625 0.546875 0.496875
7 0.5390625 0.459375 0.25 0.190625
7 0.240625 0.3875 0.2578125 0.1953125
7 0.315625 0.496875 0.1515625 0.3453125
7 0.40625 0.215625 0.1140625 0.1046875
7 0.471875 0.2578125 0.134375 0.125
7 0.7328125 0.359375 0.203125 0.190625
7 0.809375 0.2734375 0.1453125 0.1921875
7 0.9046875 0.1640625 0.190625 0.153125
7 0.68125 0.1265625 0.1125 0.078125
7 0.6875 0.221875 0.1125 0.1109375
7 0.565625 0.1875 0.090625 0.08125
7 0.875 0.09375 0.1703125 0.096875