69 0.1203125 0.6125 0.240625 0.75
69 0.3375 0.440625 0.175 0.21875
69 0.3609375 0.6484375 0.175 0.184375
69 0.3390625 0.8703125 0.121875 0.14375
69 0.5921875 0.5203125 0.271875 0.175
69 0.746875 0.63125 0.178125 0.15625
69 0.8875 0.7640625 0.2125 0.25
69 0.934375 0.575 0.13125 0.2625
69 0.85 0.4109375 0.3 0.221875
69 0.809375 0.2109375 0.38125 0.284375
69 0.55 0.2 0.190625 0.125
69 0.3671875 0.0484375 0.125 0.084375
69 0.1734375 0.125 0.334375 0.25
69 0.75 0.034375 0.19375 0.059375
69 0.96875 0.0625 0.0625 0.09375
69 0.571875 0.0265625 0.0875 0.053125
69 0.740625 0.8578125 0.5 0.284375