69 0.1171875 0.628125 0.234375 0.7421875
69 0.3359375 0.446875 0.16875 0.2140625
69 0.365625 0.653125 0.1703125 0.1796875
69 0.3515625 0.875 0.1171875 0.1390625
69 0.5921875 0.5171875 0.2671875 0.165625
69 0.7515625 0.621875 0.1734375 0.15
69 0.896875 0.75 0.2046875 0.24375
69 0.9390625 0.5609375 0.121875 0.259375
69 0.85 0.4 0.3 0.2109375
69 0.80625 0.2015625 0.3859375 0.271875
69 0.5390625 0.1984375 0.1875 0.11875
69 0.3515625 0.053125 0.121875 0.0796875
69 0.1625 0.128125 0.325 0.25625
69 0.734375 0.0265625 0.190625 0.053125
69 0.9625 0.046875 0.0734375 0.0921875
69 0.5546875 0.025 0.084375 0.05
69 0.7546875 0.85625 0.490625 0.284375