7 0.31875 0.46875 0.4609375 0.3125
7 0.715625 0.5578125 0.3359375 0.2328125
7 0.39375 0.84375 0.6015625 0.3125
7 0.1078125 0.815625 0.1125 0.140625
7 0.03125 0.5234375 0.0625 0.128125
7 0.8359375 0.84375 0.328125 0.2390625
7 0.9375 0.634375 0.1234375 0.1609375
7 0.9578125 0.415625 0.084375 0.1484375
7 0.859375 0.35 0.16875 0.1328125
7 0.615625 0.3375 0.3 0.1546875
7 0.453125 0.3 0.2625 0.134375
7 0.159375 0.3046875 0.228125 0.115625
7 0.2625 0.203125 0.2578125 0.1328125
7 0.3625 0.2375 0.221875 0.134375
7 0.55625 0.171875 0.196875 0.1078125
7 0.6375 0.2375 0.1109375 0.0625
7 0.59375 0.090625 0.109375 0.075
7 0.63125 0.04375 0.1859375 0.0859375
7 0.50625 0.1 0.178125 0.0984375
7 0.31875 0.0734375 0.3703125 0.146875
7 0.53125 0.021875 0.2 0.04375