7 0.31875 0.471875 0.465625 0.321875
7 0.7171875 0.5546875 0.340625 0.2375
7 0.4 0.8421875 0.60625 0.315625
7 0.1140625 0.821875 0.115625 0.14375
7 0.03125 0.5296875 0.0625 0.128125
7 0.8375 0.8375 0.325 0.24375
7 0.9375 0.625 0.125 0.1625
7 0.95625 0.4078125 0.0875 0.15
7 0.85625 0.34375 0.171875 0.134375
7 0.6125 0.3359375 0.303125 0.159375
7 0.45 0.3015625 0.265625 0.1375
7 0.15625 0.3109375 0.23125 0.11875
7 0.2578125 0.2078125 0.259375 0.1375
7 0.3578125 0.240625 0.225 0.1375
7 0.55 0.1703125 0.2 0.1125
7 0.6328125 0.234375 0.1125 0.065625
7 0.5859375 0.0890625 0.109375 0.078125
7 0.621875 0.04375 0.1875 0.0875
7 0.5 0.1 0.18125 0.1
7 0.3109375 0.0765625 0.371875 0.153125
7 0.521875 0.021875 0.2 0.04375