69 0.5921875 0.8109375 0.1046875 0.1671875
69 0.671875 0.896875 0.10625 0.109375
69 0.7625 0.7890625 0.0828125 0.121875
69 0.8734375 0.75625 0.096875 0.128125
69 0.9375 0.9125 0.1234375 0.125
69 0.965625 0.834375 0.05625 0.08125
69 0.653125 0.6890625 0.128125 0.071875
69 0.528125 0.696875 0.0703125 0.0640625
69 0.390625 0.8125 0.115625 0.0421875
69 0.3921875 0.7265625 0.084375 0.0859375
69 0.2515625 0.8625 0.1390625 0.1140625
69 0.259375 0.7734375 0.103125 0.0921875
69 0.10625 0.803125 0.159375 0.15625
69 0.0515625 0.9453125 0.103125 0.109375
69 0.215625 0.703125 0.0734375 0.0890625
69 0.29375 0.6625 0.059375 0.046875
69 0.265625 0.56875 0.0953125 0.1703125
69 0.103125 0.565625 0.20625 0.25
69 0.48125 0.634375 0.253125 0.090625
69 0.64375 0.540625 0.09375 0.1703125
69 0.7875 0.6359375 0.10625 0.1
69 0.753125 0.56875 0.0875 0.1109375
69 0.459375 0.5109375 0.1375 0.1