69 0.35 0.7015625 0.184375 0.2125
69 0.615625 0.78125 0.225 0.26875
69 0.75625 0.86875 0.19375 0.21875
69 0.65 0.9375 0.25 0.125
69 0.9375 0.6296875 0.125 0.440625
69 0.7109375 0.490625 0.23125 0.228125
69 0.790625 0.721875 0.121875 0.1375
69 0.50625 0.659375 0.14375 0.16875
69 0.475 0.45625 0.140625 0.2
69 0.56875 0.5078125 0.103125 0.10625
69 0.2015625 0.4140625 0.28125 0.36875
69 0.3796875 0.3015625 0.140625 0.18125
69 0.31875 0.1140625 0.40625 0.228125
69 0.178125 0.5484375 0.35625 0.815625
69 0.29375 0.115625 0.48125 0.23125
69 0.7515625 0.334375 0.2375 0.24375
69 0.89375 0.415625 0.2125 0.29375
69 0.8859375 0.3 0.228125 0.3
69 0.8109375 0.1234375 0.10625 0.121875
69 0.7 0.078125 0.1 0.1125
69 0.78125 0.0703125 0.05625 0.046875
69 0.8484375 0.08125 0.059375 0.0625
69 0.4515625 0.9328125 0.140625 0.134375
69 0.51875 0.825 0.115625 0.121875
69 0.3765625 0.48125 0.134375 0.134375