69 0.3875 0.725 0.153125 0.1875
69 0.6625 0.75625 0.1859375 0.240625
69 0.8171875 0.81875 0.1609375 0.1953125
69 0.728125 0.93125 0.228125 0.1375
69 0.9640625 0.5515625 0.071875 0.434375
69 0.70625 0.4546875 0.2 0.196875
69 0.825 0.66875 0.103125 0.121875
69 0.534375 0.65625 0.11875 0.1515625
69 0.4671875 0.4609375 0.1109375 0.184375
69 0.56875 0.4953125 0.0890625 0.090625
69 0.190625 0.4671875 0.2265625 0.334375
69 0.346875 0.325 0.115625 0.1625
69 0.253125 0.14375 0.38125 0.184375
69 0.153125 0.6125 0.30625 0.775
69 0.2234375 0.11875 0.446875 0.2375
69 0.71875 0.29375 0.203125 0.2125
69 0.89375 0.346875 0.2125 0.2609375
69 0.8765625 0.23125 0.246875 0.2609375
69 0.740625 0.075 0.090625 0.10625
69 0.6234375 0.05 0.0828125 0.0984375
69 0.703125 0.028125 0.05 0.0375
69 0.7703125 0.0265625 0.0515625 0.053125
69 0.5296875 0.9390625 0.121875 0.121875
69 0.575 0.8171875 0.1 0.1046875
69 0.375 0.503125 0.1171875 0.1171875