7 0.190625 0.6 0.38125 0.234375
7 0.0296875 0.7125 0.059375 0.21875
7 0.0859375 0.4796875 0.171875 0.171875
7 0.7421875 0.8890625 0.284375 0.209375
7 0.6828125 0.74375 0.19375 0.128125
7 0.484375 0.675 0.2125 0.14375
7 0.25625 0.50625 0.196875 0.11875
7 0.09375 0.390625 0.16875 0.10625
7 0.446875 0.4875 0.215625 0.146875
7 0.484375 0.54375 0.140625 0.08125
7 0.5515625 0.59375 0.096875 0.0625
7 0.54375 0.6359375 0.128125 0.078125
7 0.640625 0.678125 0.13125 0.08125
7 0.771875 0.7265625 0.2375 0.140625
7 0.6953125 0.61875 0.15 0.09375
7 0.8203125 0.696875 0.10625 0.0625
7 0.2515625 0.4125 0.09375 0.0625
7 0.340625 0.4296875 0.071875 0.05
7 0.6203125 0.54375 0.090625 0.06875
7 0.7484375 0.5796875 0.15 0.10625