7 0.209375 0.646875 0.35625 0.18125
7 0.0421875 0.7890625 0.084375 0.209375
7 0.08125 0.5453125 0.1625 0.146875
7 0.8 0.846875 0.2609375 0.1703125
7 0.71875 0.7125 0.18125 0.1
7 0.5125 0.675 0.196875 0.1140625
7 0.259375 0.54375 0.184375 0.0921875
7 0.08125 0.45625 0.15625 0.084375
7 0.4453125 0.4953125 0.1984375 0.1171875
7 0.490625 0.5453125 0.1328125 0.0625
7 0.565625 0.584375 0.090625 0.05
7 0.5640625 0.628125 0.11875 0.059375
7 0.6671875 0.653125 0.1234375 0.0640625
7 0.8046875 0.68125 0.221875 0.1078125
7 0.7109375 0.5875 0.140625 0.071875
7 0.846875 0.64375 0.1 0.0484375
7 0.240625 0.453125 0.0859375 0.0484375
7 0.33125 0.45625 0.0671875 0.0390625
7 0.625 0.525 0.084375 0.05625
7 0.7578125 0.540625 0.1375 0.0859375
7 0.853125 0.971875 0.08125 0.05625