7 0.25 0.7078125 0.346875 0.1078125
7 0.071875 0.8953125 0.14375 0.178125
7 0.0875 0.6421875 0.175 0.109375
7 0.8703125 0.771875 0.24375 0.1203125
7 0.7625 0.659375 0.1734375 0.0640625
7 0.55 0.6671875 0.1875 0.075
7 0.275 0.596875 0.1796875 0.053125
7 0.08125 0.553125 0.1515625 0.053125
7 0.446875 0.5078125 0.1890625 0.078125
7 0.5 0.546875 0.13125 0.034375
7 0.58125 0.5671875 0.0875 0.03125
7 0.590625 0.609375 0.115625 0.034375
7 0.696875 0.6109375 0.11875 0.0390625
7 0.8375 0.60625 0.2171875 0.0609375
7 0.725 0.5375 0.1359375 0.04375
7 0.871875 0.5625 0.0984375 0.028125
7 0.2359375 0.5125 0.0828125 0.03125
7 0.325 0.4953125 0.0640625 0.025
7 0.628125 0.496875 0.0796875 0.0390625
7 0.7609375 0.4828125 0.1296875 0.059375
7 0.953125 0.890625 0.0703125 0.0625