7 0.2078125 0.640625 0.36875 0.190625
7 0.040625 0.7828125 0.08125 0.209375
7 0.0828125 0.5390625 0.165625 0.146875
7 0.79375 0.853125 0.271875 0.178125
7 0.715625 0.7171875 0.1875 0.10625
7 0.509375 0.675 0.203125 0.11875
7 0.2578125 0.540625 0.190625 0.096875
7 0.08125 0.45 0.1625 0.0875
7 0.4453125 0.4953125 0.20625 0.121875
7 0.4890625 0.5453125 0.1375 0.065625
7 0.5625 0.5859375 0.09375 0.053125
7 0.5625 0.628125 0.121875 0.0625
7 0.665625 0.65625 0.128125 0.06875
7 0.8015625 0.6859375 0.23125 0.1125
7 0.709375 0.5921875 0.146875 0.075
7 0.8453125 0.65 0.103125 0.05
7 0.240625 0.4484375 0.090625 0.053125
7 0.33125 0.4546875 0.06875 0.040625
7 0.625 0.5296875 0.0875 0.05625
7 0.7578125 0.546875 0.140625 0.090625
7 0.8421875 0.9734375 0.084375 0.053125