7 0.2328125 0.684375 0.3515625 0.1375
7 0.059375 0.85625 0.11875 0.1921875
7 0.084375 0.6046875 0.16875 0.121875
7 0.8453125 0.803125 0.2515625 0.140625
7 0.746875 0.68125 0.178125 0.078125
7 0.5359375 0.671875 0.1921875 0.090625
7 0.2671875 0.578125 0.1828125 0.06875
7 0.078125 0.515625 0.1546875 0.065625
7 0.4453125 0.503125 0.19375 0.09375
7 0.496875 0.546875 0.1328125 0.0453125
7 0.575 0.575 0.0890625 0.0390625
7 0.58125 0.6171875 0.1171875 0.04375
7 0.6875 0.628125 0.121875 0.05
7 0.8265625 0.6359375 0.2203125 0.0796875
7 0.721875 0.5578125 0.1390625 0.0546875
7 0.8640625 0.59375 0.1 0.0359375
7 0.2359375 0.4890625 0.084375 0.0390625
7 0.3265625 0.48125 0.065625 0.0296875
7 0.628125 0.509375 0.08125 0.0453125
7 0.7625 0.50625 0.1328125 0.0703125
7 0.915625 0.928125 0.075 0.0671875