7 0.4953125 0.440625 0.284375 0.2125
7 0.3546875 0.6234375 0.225 0.184375
7 0.51875 0.859375 0.178125 0.171875
7 0.5765625 0.6890625 0.234375 0.171875
7 0.74375 0.8984375 0.265625 0.190625
7 0.3546875 0.8421875 0.14375 0.153125
7 0.2546875 0.7171875 0.159375 0.109375
7 0.2578125 0.3921875 0.1 0.096875
7 0.5078125 0.2890625 0.1125 0.109375
7 0.6703125 0.303125 0.11875 0.109375
7 0.7421875 0.0828125 0.18125 0.146875
7 0.8765625 0.065625 0.071875 0.053125
7 0.9109375 0.1609375 0.146875 0.171875
7 0.884375 0.290625 0.2125 0.171875
7 0.2734375 0.2453125 0.203125 0.165625
7 0.1109375 0.078125 0.134375 0.1125
7 0.2578125 0.078125 0.13125 0.103125
7 0.05625 0.5734375 0.1125 0.315625
7 0.79375 0.6140625 0.15 0.16875
7 0.846875 0.7859375 0.1125 0.1125
7 0.5671875 0.040625 0.196875 0.08125