7 0.5 0.440625 0.271875 0.19375
7 0.346875 0.6125 0.2125 0.16875
7 0.49375 0.859375 0.1671875 0.1609375
7 0.5625 0.69375 0.225 0.15625
7 0.715625 0.9140625 0.2546875 0.171875
7 0.33125 0.83125 0.134375 0.14375
7 0.240625 0.7 0.153125 0.1
7 0.265625 0.375 0.09375 0.0890625
7 0.521875 0.290625 0.10625 0.103125
7 0.684375 0.315625 0.1109375 0.1015625
7 0.7703125 0.1 0.1734375 0.134375
7 0.90625 0.09375 0.0703125 0.046875
7 0.9328125 0.190625 0.134375 0.1625
7 0.8984375 0.31875 0.203125 0.1578125
7 0.2921875 0.2296875 0.19375 0.1515625
7 0.140625 0.0515625 0.1265625 0.103125
7 0.2875 0.0625 0.125 0.09375
7 0.0484375 0.54375 0.096875 0.309375
7 0.784375 0.634375 0.1390625 0.1609375
7 0.8265625 0.809375 0.1046875 0.10625
7 0.6 0.040625 0.190625 0.0796875