7 0.471875 0.446875 0.2796875 0.2125
7 0.41875 0.6734375 0.2203125 0.18125
7 0.66875 0.81875 0.1765625 0.1703125
7 0.65 0.6375 0.2296875 0.1703125
7 0.8859375 0.7890625 0.228125 0.259375
7 0.5125 0.871875 0.1421875 0.15
7 0.36875 0.8 0.15625 0.109375
7 0.234375 0.503125 0.0984375 0.09375
7 0.4171875 0.30625 0.1109375 0.1078125
7 0.571875 0.2484375 0.115625 0.1078125
7 0.5421875 0.0453125 0.178125 0.090625
7 0.7609375 0.04375 0.209375 0.0875
7 0.784375 0.134375 0.2625 0.1765625
7 0.1875 0.3640625 0.2 0.1640625
7 0.103125 0.221875 0.128125 0.1015625
7 0.10625 0.76875 0.1703125 0.3109375
7 0.815625 0.4796875 0.1484375 0.1671875
7 0.9359375 0.6125 0.1109375 0.1125
7 0.3609375 0.046875 0.190625 0.09375