7 0.4828125 0.4421875 0.31875 0.265625
7 0.384375 0.653125 0.253125 0.221875
7 0.5984375 0.846875 0.209375 0.203125
7 0.61875 0.665625 0.259375 0.215625
7 0.8171875 0.85625 0.278125 0.2875
7 0.434375 0.865625 0.16875 0.175
7 0.309375 0.765625 0.175 0.140625
7 0.2390625 0.4484375 0.115625 0.1125
7 0.459375 0.29375 0.13125 0.128125
7 0.621875 0.26875 0.134375 0.128125
7 0.6359375 0.0640625 0.19375 0.125
7 0.85 0.1078125 0.221875 0.128125
7 0.853125 0.2015625 0.29375 0.228125
7 0.221875 0.3015625 0.23125 0.203125
7 0.1703125 0.1453125 0.146875 0.125
7 0.0875 0.6796875 0.175 0.340625
7 0.8125 0.5453125 0.18125 0.19375
7 0.903125 0.7 0.13125 0.134375
7 0.45625 0.046875 0.20625 0.09375