69 0.1765625 0.5375 0.234375 0.14375
69 0.0453125 0.5234375 0.090625 0.103125
69 0.3234375 0.6453125 0.278125 0.215625
69 0.3984375 0.4734375 0.14375 0.128125
69 0.2734375 0.3875 0.165625 0.14375
69 0.2046875 0.2890625 0.103125 0.065625
69 0.56875 0.4265625 0.0875 0.0625
69 0.7 0.5265625 0.203125 0.16875
69 0.8765625 0.525 0.1125 0.115625
69 0.7734375 0.8203125 0.453125 0.346875
69 0.9359375 0.3671875 0.059375 0.071875
69 0.934375 0.246875 0.075 0.075
69 0.7234375 0.2265625 0.20625 0.1625
69 0.8046875 0.359375 0.103125 0.08125
69 0.50625 0.3453125 0.065625 0.05
69 0.4015625 0.35 0.096875 0.040625
69 0.4484375 0.24375 0.04375 0.03125