69 0.175 0.4921875 0.221875 0.1125
69 0.04375 0.459375 0.0859375 0.090625
69 0.3046875 0.61875 0.2546875 0.18125
69 0.403125 0.459375 0.1296875 0.1109375
69 0.290625 0.35625 0.1484375 0.1234375
69 0.2375 0.25 0.096875 0.0515625
69 0.578125 0.4375 0.0796875 0.053125
69 0.69375 0.5546875 0.1859375 0.1453125
69 0.86875 0.5765625 0.0984375 0.1015625
69 0.759375 0.859375 0.48125 0.28125
69 0.95 0.4296875 0.05 0.065625
69 0.965625 0.309375 0.0671875 0.0671875
69 0.759375 0.2609375 0.1875 0.1390625
69 0.821875 0.403125 0.09375 0.06875
69 0.528125 0.3484375 0.059375 0.040625
69 0.4234375 0.3375 0.0953125 0.0265625
69 0.484375 0.2390625 0.040625 0.0265625