69 0.5171875 0.85625 0.121875 0.1546875
69 0.471875 0.6671875 0.1609375 0.1640625
69 0.590625 0.5234375 0.0859375 0.103125
69 0.5875 0.3859375 0.071875 0.0921875
69 0.746875 0.25 0.0671875 0.084375
69 0.85 0.278125 0.0515625 0.0765625
69 0.9078125 0.1 0.178125 0.1984375
69 0.521875 0.203125 0.1359375 0.059375
69 0.596875 0.0859375 0.06875 0.0765625
69 0.440625 0.128125 0.071875 0.071875
69 0.328125 0.0984375 0.06875 0.0953125
69 0.2703125 0.21875 0.090625 0.0859375
69 0.1703125 0.278125 0.1546875 0.121875
69 0.23125 0.40625 0.10625 0.11875
69 0.353125 0.303125 0.06875 0.1015625
69 0.3484375 0.503125 0.1109375 0.1859375