69 0.4609375 0.8546875 0.14375 0.171875
69 0.4453125 0.6609375 0.184375 0.1875
69 0.5859375 0.5375 0.1 0.115625
69 0.6046875 0.4015625 0.084375 0.103125
69 0.7828125 0.2921875 0.078125 0.09375
69 0.8796875 0.3359375 0.0625 0.084375
69 0.93125 0.16875 0.1375 0.225
69 0.56875 0.2109375 0.14375 0.08125
69 0.6609375 0.10625 0.08125 0.0875
69 0.5 0.1234375 0.08125 0.08125
69 0.39375 0.0765625 0.084375 0.10625
69 0.3171875 0.1859375 0.103125 0.1
69 0.209375 0.2296875 0.171875 0.14375
69 0.25 0.365625 0.125 0.134375
69 0.3859375 0.2828125 0.084375 0.1125
69 0.35 0.4796875 0.1375 0.2